10000 5000
37 34
16 28
36 44
43 37
22 50
28 13
10 41
27 14
27 41
37 23
19 12
30 18
31 33
24 13
36 18
3 30
9 23
18 20
7 44
43 12
24 30
20 22
38 35
25 49
21 16
27 14
31 42
24 7
21 13
32 47
26 6
28 35
6 37
30 47
8 14
46 25
46 33
18 15
15 35
1 44
9 38
29 27
35 39
2 4
50 5
11 33
19 27
13 40
37 27
40 45
21 46
29 35
2 18
3 48
43 18
7 3
31 2
42 37
40 16
20 45
30 41
18 32
22 48
26 32
28 10
7 18
4 48
16 37
34 7
25 20
22 29
30 33
20 4
19 21
16 9
50 41
24 47
46 19
2 47
6 22
39 30
29 15
1 42
1 44
15 35
15 25
7 38
42 44
16 28
37 10
2 33
29 38
8 26
22 25
46 9
38 30
44 36
29 19
12 44
30 29
5 27
14 44
39 14
41 7
19 5
39 29
18 20
47 18
44 25
34 21
50 41
26 23
41 45
40 6
37 5
33 20
15 43
8 48
5 6
12 49
29 23
44 50
19 47
23 41
11 12
2 6
31 12
6 29
37 21
27 45
16 23
17 9
9 33
38 25
25 13
37 1
50 3
1 30
22 19
32 24
31 32
45 34
14 11
32 50
47 50
24 10
19 14
46 41
17 27
41 35
35 41
43 27
8 37
7 46
19 30
13 38
23 49
10 10
11 37
38 43
2 7
23 14
6 22
50 20
5 22
12 40
18 41
29 6
1 28
9 35
25 21
20 23
32 47
35 31
23 43
1 23
36 26
50 23
43 41
14 49
41 49
41 25
32 10
37 20
6 33
5 45
20 30
27 24
6 1
43 11
35 30
6 44
18 22
14 5
5 12
10 27
3 45
7 3
22 35
19 43
40 29
9 23
49 9
9 37
49 4
34 4
49 34
5 41
47 18
30 19
47 1
48 39
41 50
34 4
48 14
43 4
26 37
47 3
39 26
30 8
11 37
22 15
5 11
28 29
49 1
3 7
48 45
44 50
3 40
4 29
32 1
39 48
2 10
35 36
43 40
28 16
30 5
15 50
30 36
36 44
1 28
22 39
40 50
39 18
46 43
45 44
41 30
41 33
20 42
33 27
43 12
18 11
12 24
10 32
26 41
18 47
35 28
27 41
8 25
19 15
9 6
37 13
47 1
45 27
3 17
30 29
41 47
21 48
31 2
44 32
28 8
37 13
6 15
41 13
30 13
20 11
25 40
42 6
34 21
39 38
17 39
35 21
18 7
11 7
38 50
10 6
19 18
34 46
9 24
38 24
34 40
29 8
15 8
30 22
10 1
39 19
39 26
34 25
32 8
9 44
50 21
40 18
14 20
45 23
48 24
13 32
41 33
42 43
16 8
8 22
42 25
2 48
22 32
41 38
31 5
26 49
17 32
3 17
40 32
5 47
31 39
22 19
13 21
30 13
36 28
5 37
34 27
10 8
45 8
12 50
1 28
11 37
6 19
50 14
12 45
35 6
26 42
15 6
19 40
19 44
33 6
33 23
31 18
25 44
44 27
4 37
25 44
14 15
28 30
26 13
20 39
33 11
18 45
36 47
42 38
44 4
29 24
42 26
19 11
37 18
6 14
9 41
5 31
12 22
36 34
24 40
2 5
1 6
4 19
7 36
40 46
21 50
27 18
28 14
32 47
11 16
6 37
19 21
43 12
47 33
22 30
35 21
28 23
41 35
23 34
31 49
48 14
31 1
15 24
23 10
25 48
36 33
5 33
44 5
37 49
29 41
13 10
34 13
49 42
25 24
23 23
36 5
8 22
48 16
27 22
19 20
4 2
34 4
10 8
7 29
21 48
9 35
49 35
27 42
16 49
22 3
10 40
11 7
25 17
40 10
29 1
4 10
15 32
40 39
18 27
24 48
32 38
23 33
26 32
30 1
5 41
32 1
8 14
32 45
4 32
34 21
32 33
16 38
26 47
23 5
2 43
33 48
32 35
16 7
9 8
50 46
48 13
27 34
28 5
38 10
33 33
17 22
11 14
12 33
37 36
31 36
34 41
27 15
21 17
26 43
40 29
41 26
11 37
44 19
29 38
22 33
6 11
26 39
21 16
4 38
23 9
1 34
48 8
27 28
22 20
50 2
29 11
49 40
11 39
28 44
27 41
3 50
38 32
50 28
17 8
18 3
36 42
49 19
46 35
6 27
29 17
29 5
44 9
48 29
23 6
46 25
26 1
34 48
28 13
22 33
35 44
35 40
10 22
8 36
12 5
23 13
17 42
1 3
33 13
18 50
24 5
7 16
15 2
14 41
23 42
38 38
29 10
31 22
7 38
42 41
3 21
12 16
18 20
34 12
13 2
7 1
18 39
40 15
5 33
26 5
42 30
39 13
37 20
7 21
11 45
15 50
15 16
37 27
40 34
36 20
22 3
41 44
10 40
24 32
36 15
46 49
14 28
49 34
6 50
44 6
7 19
34 11
37 24
9 22
41 28
32 46
41 12
1 24
5 1
15 26
25 43
20 10
45 40
39 20
27 2
20 34
44 34
7 5
26 32
12 17
13 18
30 43
19 3
3 32
8 25
17 19
28 34
23 38
8 24
26 13
48 34
19 47
4 42
25 27
44 31
49 36
31 6
10 30
11 49
25 13
31 20
3 42
31 11
34 27
41 40
24 9
8 39
32 44
21 11
41 6
42 14
21 39
18 22
22 30
44 31
50 46
39 25
37 5
33 20
11 20
31 24
14 34
30 38
50 45
2 50
15 40
31 43
16 37
16 50
32 37
35 12
38 34
38 23
44 24
43 20
45 5
40 25
14 10
4 19
20 13
5 6
50 34
20 35
36 16
4 38
1 20
3 38
13 38
11 40
11 6
12 5
30 8
17 4
22 43
6 23
30 44
29 12
48 29
46 1
38 33
2 50
37 40
27 4
45 49
7 37
43 8
15 18
21 22
17 31
5 45
38 24
35 34
13 18
18 32
16 10
9 7
46 20
23 46
46 22
10 20
27 2
22 3
26 41
23 44
40 42
17 28
13 29
47 1
34 25
37 14
21 50
19 45
42 16
40 43
14 38
41 49
3 40
32 14
8 29
22 5
34 47
26 39
41 46
23 22
35 27
26 9
3 7
23 46
40 47
34 12
12 4
43 26
40 17
45 25
31 47
45 18
8 14
11 20
43 1
27 33
41 30
36 4
49 46
42 8
21 38
41 27
2 35
1 34
10 43
41 47
14 40
5 36
7 24
24 15
50 2
31 2
5 40
37 16
26 3
42 30
8 48
32 35
20 12
4 32
28 29
20 45
32 44
19 24
40 38
39 44
45 39
31 21
37 49
3 19
49 14
11 46
30 6
17 43
26 49
29 23
17 4
49 48
23 48
37 17
10 13
1 28
48 4
4 33
2 36
49 8
5 50
7 12
4 35
35 26
48 29
34 14
11 16
15 32
48 36
48 1
30 9
14 50
35 30
15 17
26 36
37 16
27 31
17 43
20 30
10 3
16 17
34 46
27 29
14 48
1 27
37 13
14 30
9 1
17 48
33 26
41 45
27 21
16 19
50 45
47 35
4 9
4 13
43 37
35 33
11 8
20 35
16 47
47 35
33 25
2 16
12 17
38 44
12 38
32 3
39 11
21 30
44 42
29 25
9 36
43 13
47 21
17 14
1 12
38 16
33 35
1 41
34 44
31 40
44 45
5 14
45 33
24 26
2 39
24 2
16 12
32 19
34 14
28 50
15 36
20 15
8 47
42 23
12 41
38 24
37 8
40 44
21 32
22 15
19 22
35 47
15 34
48 18
18 1
36 25
41 34
33 8
30 50
41 24
48 43
50 30
23 36
19 41
6 44
17 40
37 26
11 4
21 3
5 8
34 38
22 41
48 27
28 6
29 29
21 20
49 28
14 21
11 22
17 34
24 18
43 33
36 12
14 4
13 9
46 19
11 49
27 19
24 10
38 4
24 5
32 8
30 24
45 47
31 43
10 13
48 6
17 5
10 35
43 32
2 24
22 39
9 14
23 50
6 35
41 12
22 31
4 24
21 1
43 1
13 3
8 5
9 10
45 26
9 18
41 37
27 11
24 15
16 38
22 49
10 21
1 14
37 33
34 5
7 9
11 28
32 19
29 20
47 42
9 25
11 6
16 2
18 40
27 41
39 33
6 50
13 1
33 8
12 49
8 18
48 20
39 20
40 29
21 19
43 36
43 31
34 5
44 8
1 1
36 22
21 39
41 41
48 35
34 26
45 12
31 43
14 42
21 21
39 5
43 43
23 31
36 35
45 9
9 31
3 45
35 46
38 23
8 26
3 36
49 43
37 47
41 31
2 50
7 13
5 40
23 49
33 29
39 8
38 27
21 48
45 40
15 6
33 33
20 24
16 37
35 18
50 4
5 25
37 1
43 11
9 43
24 15
22 42
20 12
11 11
3 41
48 6
40 17
40 32
18 9
26 7
12 2
29 25
28 16
27 17
12 20
34 35
28 37
50 7
17 48
40 11
18 21
37 37
18 9
17 28
36 37
38 44
20 47
13 18
35 47
18 41
25 46
32 1
9 3
2 31
43 26
48 41
27 12
20 35
14 46
32 36
31 2
48 21
39 1
47 12
2 25
20 15
17 29
33 3
33 26
3 34
24 28
41 50
36 2
47 11
48 50
3 30
50 29
29 50
14 40
14 27
41 17
45 35
37 10
35 27
10 22
1 39
40 35
36 41
1 26
27 32
13 1
29 29
30 15
4 9
35 45
12 20
6 28
37 8
35 43
16 23
11 46
33 16
8 50
27 18
2 9
11 3
33 14
28 39
47 15
9 34
5 31
8 20
28 10
2 46
18 14
11 19
36 30
32 43
13 44
4 8
13 14
29 14
2 47
11 7
42 50
32 20
41 46
5 40
37 20
33 9
27 5
34 46
38 15
8 15
25 2
15 11
24 39
35 44
2 27
26 46
17 45
40 7
48 7
27 46
4 35
41 11
6 33
49 24
41 46
47 6
18 17
5 14
9 41
19 41
36 12
6 44
2 2
11 45
42 2
36 39
49 48
32 26
1 7
2 30
35 43
11 50
15 2
44 15
6 23
34 12
7 43
47 41
37 10
11 9
47 29
26 48
25 45
1 7
36 26
20 4
6 22
25 31
47 20
45 18
31 4
47 30
21 37
46 45
3 9
37 9
6 49
45 14
22 31
8 48
1 9
30 29
9 8
30 4
23 8
11 26
5 3
41 9
3 27
36 37
47 7
5 24
38 2
34 2
49 11
20 43
22 1
9 1
7 32
39 38
13 29
34 2
10 19
46 24
12 15
23 33
8 8
12 30
31 45
8 45
38 29
29 27
29 11
42 37
26 35
16 33
34 40
9 49
24 45
11 6
40 36
45 34
13 47
44 6
1 43
21 1
29 40
50 1
38 7
42 43
25 15
5 9
9 10
5 15
20 32
19 17
50 11
7 14
19 14
6 50
2 21
12 28
29 30
37 13
6 18
34 30
40 30
40 38
4 48
31 46
12 25
35 50
15 12
27 44
43 35
8 33
12 47
26 19
32 42
11 14
45 37
18 45
34 36
33 9
4 38
14 16
15 18
31 49
42 31
15 7
39 36
32 24
43 3
46 10
25 26
14 7
3 22
7 31
42 36
25 40
7 45
12 39
39 21
3 42
49 30
17 19
43 39
43 1
10 35
12 39
47 36
7 25
7 49
36 14
5 48
45 13
3 11
33 8
2 41
22 37
5 50
40 40
40 47
33 35
23 1
37 44
20 19
19 43
8 27
26 4
16 14
26 20
28 20
10 10
46 31
32 33
23 1
47 21
7 14
15 30
25 29
49 1
45 45
23 19
23 5
18 48
20 40
10 44
5 49
29 21
6 1
1 10
32 30
43 49
28 39
19 7
9 5
49 20
38 4
8 21
20 12
4 27
22 41
39 15
37 27
27 17
28 42
23 29
27 10
50 16
24 5
9 18
39 33
38 9
31 27
40 45
23 2
43 43
7 45
23 31
50 44
37 49
27 29
38 10
27 3
9 39
9 50
32 19
29 47
25 21
15 9
13 15
7 40
36 5
35 16
11 8
8 36
15 47
6 34
38 4
43 34
34 49
19 1
47 17
38 50
10 22
38 4
43 22
26 44
11 28
37 13
48 21
18 44
29 12
18 25
9 17
17 10
10 44
10 37
36 8
31 47
3 46
17 18
14 47
25 43
7 24
45 11
7 4
18 14
40 35
3 35
44 50
43 19
6 5
14 5
3 43
38 45
12 5
2 7
49 27
1 28
40 5
10 47
12 46
31 27
13 3
3 33
4 8
12 47
1 11
3 28
22 4
8 41
49 35
12 11
38 49
5 14
12 28
25 14
43 25
27 5
40 5
15 29
26 43
3 28
5 28
31 5
47 26
11 41
1 45
43 24
39 41
20 47
13 50
26 44
49 5
11 2
33 38
30 25
3 10
37 34
38 7
35 18
10 37
31 47
20 10
2 26
24 8
9 21
15 36
40 34
37 15
4 3
27 19
28 33
18 31
38 17
34 5
43 22
18 45
6 26
1 39
48 8
28 24
10 8
43 44
8 1
3 29
48 11
45 32
12 27
43 12
19 49
22 28
22 11
38 41
31 30
37 38
14 30
37 14
10 25
25 29
10 17
28 30
11 9
35 22
36 24
25 30
9 4
16 46
39 33
12 4
43 19
1 48
13 6
32 37
18 22
39 9
38 27
35 18
41 50
23 21
2 28
33 47
45 11
43 49
4 33
3 4
3 48
6 5
42 15
39 37
45 11
39 29
46 34
35 23
45 38
16 8
6 47
7 48
48 50
34 1
4 3
1 39
43 6
22 6
42 36
46 12
40 39
24 34
8 37
27 9
16 3
1 42
41 21
23 9
9 39
41 8
46 12
19 41
48 41
26 42
4 42
30 24
9 45
34 3
11 17
21 10
1 28
1 23
31 41
31 25
32 39
50 22
14 30
20 20
13 12
5 47
20 18
13 34
38 29
47 46
5 1
30 17
39 7
47 30
6 19
9 30
1 38
19 8
29 16
29 38
36 41
9 33
18 6
36 23
20 8
8 32
50 24
30 37
19 40
8 28
7 24
13 16
25 9
27 31
20 5
47 7
40 6
13 7
29 9
16 48
31 48
23 23
12 30
19 4
34 32
7 28
45 42
3 20
2 21
27 29
35 24
31 23
30 26
35 45
42 10
10 50
25 24
3 32
38 36
17 23
2 21
12 25
44 46
18 16
44 48
23 44
18 31
8 5
49 47
9 42
44 40
13 18
1 18
5 17
41 38
10 23
47 42
39 24
39 43
40 6
1 33
15 14
18 18
17 22
16 16
7 25
42 9
26 21
39 42
32 30
2 29
20 41
14 48
42 10
17 3
37 33
46 17
36 1
24 15
30 2
28 39
47 38
8 19
13 24
5 46
26 44
36 8
6 47
6 50
4 49
32 24
40 40
42 27
42 28
31 15
6 23
11 9
27 2
28 20
16 41
34 32
40 43
40 20
21 47
45 47
21 24
15 26
5 12
39 6
22 46
20 20
28 27
31 30
50 6
47 8
39 17
9 32
3 30
26 50
47 25
48 23
48 17
28 12
19 2
49 17
38 41
17 19
50 17
22 47
6 49
17 20
2 47
26 28
27 6
31 4
26 23
39 30
44 23
27 19
37 12
2 27
45 24
40 21
19 47
47 13
33 25
21 14
41 36
43 48
1 19
44 23
5 26
1 34
2 48
9 29
5 38
13 13
33 2
48 2
17 3
27 44
9 1
38 49
49 1
20 30
5 49
27 13
48 9
6 29
9 50
37 14
28 15
16 2
5 10
13 15
11 21
21 41
42 19
22 8
40 40
40 41
5 44
4 18
48 2
3 9
24 6
23 42
43 2
13 40
5 47
20 27
20 17
35 40
50 11
2 6
48 41
34 43
13 4
8 39
47 12
20 12
3 22
25 42
31 47
44 38
16 37
3 13
4 35
47 40
47 5
45 48
43 47
50 30
18 7
18 9
23 16
38 37
28 25
22 12
1 9
47 17
31 17
1 50
39 36
41 48
47 35
31 37
17 41
47 33
43 36
2 15
3 15
42 41
4 31
41 15
31 5
23 37
38 13
48 23
22 26
11 40
27 21
11 43
25 43
30 10
26 20
34 31
21 28
10 25
39 25
31 50
39 21
33 3
27 26
2 33
22 49
21 14
8 48
42 33
42 35
4 22
4 17
47 39
14 27
3 6
8 4
27 33
37 46
21 9
43 13
13 24
39 15
14 33
16 49
33 8
29 9
28 38
26 34
10 24
29 41
47 12
46 36
33 23
33 32
47 6
29 26
40 9
44 20
18 5
12 11
21 2
39 42
26 48
21 14
7 37
49 2
39 3
25 46
30 24
29 7
32 26
36 9
30 23
28 31
41 47
48 41
33 14
11 38
2 8
44 34
37 8
10 44
40 27
50 36
42 19
46 28
39 24
48 31
14 18
17 25
16 6
19 16
4 50
7 30
15 7
16 2
48 1
27 27
12 39
9 27
6 3
28 4
36 44
12 26
2 49
7 28
43 19
18 25
4 48
4 24
28 18
20 19
45 27
15 47
25 6
11 23
28 30
26 38
15 15
16 37
16 17
35 22
46 10
8 3
28 2
21 11
32 7
33 41
39 26
34 47
21 13
42 44
33 50
17 17
5 48
14 32
5 22
32 50
2 2
3 41
3 32
38 26
16 34
12 21
19 6
18 47
40 42
43 11
30 24
21 9
42 34
8 36
38 48
50 41
31 39
22 4
29 35
21 10
32 46
1 34
30 2
43 20
31 21
44 38
48 10
45 17
4 40
39 4
44 41
32 38
42 26
13 3
14 22
18 33
16 45
47 20
40 45
15 41
28 22
31 10
26 26
17 27
31 32
22 5
43 26
4 5
8 36
7 16
48 23
18 26
46 15
9 14
4 37
8 25
34 32
9 40
18 12
43 25
29 50
26 16
23 23
8 31
46 32
4 17
42 43
9 21
36 39
25 17
43 40
23 34
23 28
39 33
7 43
42 33
1 37
10 19
49 23
6 19
35 46
40 9
30 29
17 48
16 15
6 44
27 8
36 30
12 2
46 26
11 20
7 37
8 13
37 18
36 8
4 42
50 23
1 43
41 31
48 19
12 6
16 5
35 41
44 1
28 48
18 39
25 38
2 24
41 34
42 38
29 28
2 47
39 31
11 4
23 31
37 10
15 36
28 4
6 1
48 21
9 33
23 15
38 36
19 24
12 30
10 12
8 40
20 11
17 47
29 33
42 39
26 17
20 8
8 4
26 25
8 6
20 35
20 32
5 10
41 40
2 16
8 2
13 9
7 29
11 29
19 36
2 5
12 46
1 22
46 20
27 27
13 5
36 46
7 32
21 41
8 50
1 24
33 17
46 15
43 41
26 8
14 13
11 30
1 28
47 11
39 48
5 25
22 1
32 40
32 29
30 5
28 42
8 30
45 12
3 5
15 39
4 30
9 30
7 14
26 11
11 5
29 15
15 15
4 1
31 49
5 38
29 10
39 34
46 38
45 35
24 50
29 9
38 29
42 40
50 47
1 19
33 10
24 30
30 50
48 30
17 10
21 4
37 47
34 9
46 34
33 28
38 21
49 14
3 28
24 42
10 4
14 26
5 43
44 39
20 36
47 43
46 38
34 17
28 32
16 20
49 23
43 50
13 39
16 41
32 15
21 41
16 43
37 34
24 23
8 30
22 46
33 5
23 19
3 19
40 50
22 20
19 40
28 16
6 34
50 45
35 39
34 20
5 3
25 20
50 29
24 34
40 23
44 8
26 13
14 46
15 17
7 38
3 35
18 34
31 11
1 18
37 17
19 34
4 42
22 45
29 5
29 47
6 18
30 22
19 34
50 44
33 35
20 6
42 35
45 39
8 22
40 48
31 45
38 9
5 36
40 11
9 33
1 21
42 14
47 32
27 13
47 47
4 9
46 18
7 45
18 42
39 14
10 10
20 20
7 49
9 24
7 49
19 17
33 9
42 12
24 29
27 19
29 21
38 31
27 24
16 46
10 47
6 4
25 21
20 25
48 34
32 28
47 6
14 50
11 29
9 8
26 37
9 36
16 4
30 48
44 42
38 45
50 5
25 45
19 27
10 46
26 19
24 43
42 22
2 40
47 4
42 10
45 24
29 50
48 12
4 10
4 41
47 43
40 6
34 23
19 8
28 45
37 44
17 4
43 30
33 18
29 41
16 25
26 24
35 46
6 23
15 40
35 11
16 11
36 24
33 1
45 4
47 11
14 33
12 13
32 8
50 45
21 10
35 17
12 46
21 22
13 17
28 37
50 47
22 45
46 35
38 7
17 42
25 36
50 32
41 38
32 31
42 42
8 4
2 27
48 19
38 24
10 12
11 15
11 9
45 32
38 8
50 34
19 6
39 26
13 18
50 29
20 47
2 42
20 29
48 5
28 19
30 35
1 40
50 40
24 11
19 45
28 13
21 20
47 47
16 9
40 11
7 18
9 11
40 11
15 30
48 39
25 43
32 29
19 25
37 31
27 44
6 7
28 5
3 28
37 26
37 20
37 28
38 45
5 45
24 27
17 20
14 23
2 41
17 47
29 22
15 6
12 6
12 22
50 42
17 14
33 38
15 5
50 22
16 2
31 6
27 42
16 47
38 40
38 17
40 4
9 17
24 6
28 23
16 37
2 29
16 34
39 34
7 30
33 40
45 23
16 13
10 22
13 33
2 47
2 1
19 41
47 13
37 44
30 26
4 4
37 31
16 19
50 27
16 23
47 32
45 11
32 14
46 6
4 44
46 47
40 5
19 14
9 36
11 7
10 38
18 16
34 47
23 34
8 35
16 39
1 4
17 10
15 34
29 12
11 20
25 25
40 50
35 45
2 49
36 47
12 11
9 6
41 47
31 32
22 48
1 48
10 24
7 19
32 26
46 35
11 42
41 20
16 1
1 27
25 17
28 36
43 38
34 38
19 33
30 16
14 42
15 32
50 23
50 21
8 32
23 45
16 18
18 16
44 32
48 18
6 19
6 27
15 48
33 42
7 35
29 12
46 22
46 43
16 45
28 46
40 23
40 3
18 6
37 10
29 11
31 36
15 36
36 37
28 31
15 18
31 36
10 43
38 26
23 5
2 3
27 50
2 42
49 18
27 21
34 37
22 8
43 14
2 38
18 30
47 31
17 33
27 28
5 28
32 14
18 27
29 36
29 44
12 32
5 27
13 40
47 38
3 36
26 42
21 5
35 43
25 18
47 3
30 4
17 1
30 14
49 37
30 8
39 27
5 41
31 43
32 19
6 29
20 35
41 31
24 43
10 27
32 50
3 8
10 11
26 22
8 39
46 24
2 39
32 37
31 6
24 14
42 13
49 30
10 14
6 41
17 33
35 17
24 48
11 37
10 35
24 36
12 19
8 21
9 13
19 39
2 40
4 44
25 45
10 2
44 35
19 15
33 10
10 3
42 8
43 20
7 3
22 16
38 18
33 31
19 47
36 3
46 22
18 41
42 21
7 28
44 37
46 27
30 27
36 7
28 23
25 28
45 37
4 48
28 33
31 38
40 48
21 16
6 38
10 39
18 49
35 16
42 13
41 32
41 23
47 27
6 18
6 22
19 1
35 10
49 49
46 15
32 39
28 17
7 39
39 37
4 26
38 25
8 47
20 29
5 48
18 18
39 12
12 23
34 10
8 48
14 33
23 5
21 45
35 2
38 29
4 23
47 43
39 42
22 5
2 10
28 28
39 21
44 18
29 3
50 29
11 36
43 16
10 35
36 15
44 47
19 25
17 49
42 16
22 8
19 13
42 25
46 46
16 31
33 41
19 44
32 34
49 32
18 24
40 11
7 4
28 33
32 25
42 47
4 25
38 15
40 24
22 29
11 37
27 37
32 43
29 47
30 15
40 27
37 48
3 30
12 45
20 32
28 45
20 13
28 33
7 9
39 19
5 28
16 50
44 33
31 47
12 24
1 11
10 1
30 39
34 12
45 44
40 5
19 25
7 11
19 48
16 15
44 10
9 20
2 11
10 4
28 35
47 23
25 30
20 6
19 5
50 5
11 13
37 41
2 30
27 46
12 20
31 43
14 8
18 41
45 18
2 29
1 24
3 48
3 26
32 24
29 23
37 31
21 39
18 24
21 22
44 47
41 34
41 26
17 4
21 11
39 13
36 24
21 40
17 40
13 25
47 48
28 41
32 36
11 50
24 1
47 31
16 19
44 37
43 7
19 12
24 15
39 9
50 9
50 9
36 16
13 15
5 34
19 42
44 38
39 29
11 17
37 35
24 27
35 32
44 16
30 3
11 17
28 18
29 13
28 27
41 14
49 41
32 48
35 18
46 25
43 25
10 9
35 31
13 35
50 19
23 8
24 31
1 35
47 3
32 31
46 25
17 24
23 44
11 48
25 8
32 9
17 19
50 43
27 3
23 14
21 28
11 45
29 46
1 11
41 28
4 32
5 38
31 20
19 28
37 44
4 45
14 20
15 22
24 15
30 43
21 46
42 2
49 31
43 22
49 49
30 35
22 2
23 37
16 4
47 42
36 4
25 50
23 1
15 39
32 46
43 44
47 4
36 34
8 46
44 28
12 6
10 26
14 35
38 32
25 29
34 37
38 11
11 8
47 11
8 28
23 30
35 3
38 20
15 20
49 45
3 8
33 12
46 12
45 46
26 35
21 20
30 9
19 9
21 42
19 15
46 28
30 42
13 30
1 18
12 27
34 49
10 16
27 19
16 5
41 24
43 44
4 12
20 24
17 22
38 40
19 36
29 33
14 49
18 41
19 14
14 31
47 4
22 23
29 25
48 40
33 20
33 40
15 38
10 2
43 32
19 47
32 13
13 49
41 45
11 30
13 9
14 26
49 11
35 36
27 29
50 33
24 11
48 32
35 41
24 7
4 29
42 42
42 37
33 4
36 32
42 45
21 48
8 5
42 21
49 44
26 20
30 49
30 2
44 28
36 17
45 17
8 41
27 36
40 1
34 10
4 27
24 27
33 24
44 33
26 25
44 45
45 4
7 26
5 26
42 50
16 40
31 37
22 25
25 9
20 13
39 10
36 24
49 14
46 18
44 45
41 24
29 38
15 35
10 35
36 19
8 2
38 3
27 40
49 11
24 3
12 20
43 12
26 49
16 44
40 23
48 10
49 30
16 26
12 13
33 25
28 47
49 40
32 17
28 27
31 32
1 1
14 44
42 46
41 41
16 10
19 30
11 13
41 19
31 26
2 2
49 13
4 32
48 49
28 37
18 25
27 8
2 21
16 43
33 45
4 6
37 50
13 24
42 49
26 3
6 24
38 29
10 4
5 42
28 8
34 32
41 48
18 11
3 44
41 35
42 37
37 44
18 28
26 1
5 11
35 3
31 10
16 22
15 41
50 22
5 45
42 33
43 45
41 11
45 47
36 31
26 36
15 24
24 43
6 42
44 28
39 40
11 24
16 4
27 28
22 15
48 31
26 13
23 42
41 18
48 19
4 26
49 23
18 20
11 24
3 23
14 6
29 41
47 26
3 47
11 23
4 24
38 8
2 31
48 12
30 42
17 47
21 35
4 17
40 40
14 16
21 42
32 27
5 2
48 30
3 7
33 8
18 8
40 20
32 19
10 37
35 11
48 28
44 5
45 1
19 33
24 8
37 39
42 7
37 41
47 39
49 41
48 29
1 16
34 39
27 32
44 45
22 11
17 41
44 15
49 11
21 12
2 22
30 9
49 44
32 16
8 47
28 30
47 7
45 28
11 32
26 21
31 4
45 49
15 50
12 40
1 13
36 32
40 4
47 16
33 40
37 31
12 43
49 14
43 9
42 44
16 3
6 18
18 49
48 2
41 35
47 9
43 43
47 35
2 34
24 45
25 36
28 10
25 37
47 27
22 17
19 40
9 37
37 24
28 27
11 34
45 18
13 9
43 37
20 9
3 46
32 43
4 30
18 9
37 28
46 16
5 8
47 14
40 14
40 33
19 17
36 2
10 13
1 50
8 5
50 20
15 13
42 31
42 20
50 11
26 28
38 45
11 30
43 36
20 50
18 34
35 38
2 5
5 47
1 2
24 14
26 2
35 38
7 19
29 26
5 6
3 4
36 42
27 13
12 28
14 49
36 31
37 48
46 40
41 41
7 46
48 14
3 34
3 32
9 10
17 33
39 13
5 19
31 24
3 33
33 44
26 16
16 19
8 15
7 11
7 50
16 13
47 6
39 18
27 1
33 47
11 46
16 21
44 17
2 49
44 47
12 34
2 22
36 29
40 11
13 42
5 48
3 28
45 1
1 43
41 24
21 35
6 1
18 36
34 1
47 19
2 30
1 11
39 6
18 36
27 30
27 30
9 33
35 29
23 4
29 37
22 13
14 49
36 27
29 31
49 22
1 26
38 2
7 1
38 28
8 27
6 16
49 34
15 17
20 33
20 37
50 50
50 43
21 13
45 35
6 49
26 45
46 8
8 13
43 5
31 47
13 50
35 38
4 11
45 49
38 25
24 16
8 39
3 23
10 28
27 47
43 15
25 2
17 38
44 34
31 9
10 24
14 43
5 44
45 17
42 49
17 32
20 17
42 24
4 24
20 1
17 32
35 14
1 41
25 1
11 47
22 5
49 20
16 35
2 3
3 10
43 45
11 19
45 14
37 4
4 48
29 8
21 21
13 13
16 23
19 37
43 26
48 43
27 41
45 13
24 30
26 48
18 18
31 39
42 12
11 19
26 46
18 41
4 48
20 30
17 21
48 41
33 9
2 47
11 11
41 46
45 34
1 18
6 13
26 33
1 48
45 37
27 28
25 12
41 32
4 45
37 9
20 2
50 19
29 21
16 11
46 21
39 11
23 47
31 46
43 50
38 32
11 39
50 17
48 36
32 43
3 4
7 18
38 22
42 6
16 16
39 8
18 12
10 29
24 42
43 40
23 19
7 31
47 36
21 9
3 46
49 2
21 5
27 5
13 8
23 18
27 28
41 13
41 46
39 2
44 17
35 32
12 16
1 43
3 8
5 23
26 5
10 4
10 46
3 38
5 22
2 28
42 34
29 44
46 33
1 18
49 39
6 35
29 12
21 9
31 32
38 25
30 7
4 47
36 40
13 9
36 41
26 16
10 27
11 4
23 5
43 11
47 21
34 48
6 28
9 4
29 39
47 46
45 10
49 50
8 30
22 14
29 45
24 47
3 40
44 34
47 25
48 38
38 45
22 31
35 45
33 30
28 15
24 29
31 24
5 25
38 40
35 27
25 18
8 8
43 27
4 3
41 41
36 1
31 28
22 7
39 17
31 7
37 18
41 7
31 19
9 45
23 20
39 45
4 48
26 46
1 48
39 29
31 43
20 24
32 14
30 43
1 20
37 11
17 40
8 29
24 49
18 16
12 48
47 6
4 15
13 23
3 6
48 1
26 36
49 19
13 7
29 28
40 14
3 17
46 8
6 12
28 21
18 25
33 41
6 15
39 38
43 18
20 43
28 42
10 47
3 26
6 24
37 33
50 45
5 41
3 45
15 10
37 32
22 34
48 21
8 29
48 38
31 2
45 19
15 8
36 4
27 20
2 41
37 16
8 3
47 41
3 12
45 13
47 39
11 19
47 46
34 20
21 47
15 16
23 17
20 30
49 10
2 48
15 2
5 39
29 23
36 3
16 33
23 31
49 14
11 33
2 47
43 46
11 24
40 8
37 36
45 11
11 37
40 47
37 25
49 44
49 17
50 35
17 14
29 22
7 15
11 39
35 8
34 6
13 45
32 23
36 1
39 27
25 46
22 28
24 11
27 21
7 24
37 26
50 23
39 17
7 6
15 1
6 43
40 48
23 20
22 21
47 8
5 10
40 21
33 26
48 15
38 10
35 6
30 26
44 34
41 18
21 50
43 6
3 26
48 34
4 27
34 19
31 3
25 40
18 20
36 8
17 15
23 23
50 3
39 2
22 43
42 29
36 42
19 36
19 39
15 16
37 23
27 1
42 17
38 1
8 9
26 23
45 26
29 48
1 44
36 17
47 22
13 29
15 33
23 32
49 35
9 39
41 35
3 35
36 33
43 40
12 45
21 18
17 8
3 49
17 18
41 40
19 15
47 4
37 35
19 21
10 37
24 28
14 2
34 26
16 49
44 27
46 27
35 14
14 15
32 39
29 30
46 22
27 47
31 45
15 15
4 1
30 26
28 27
4 44
44 13
41 19
48 37
2 37
1 34
22 15
46 34
7 50
46 44
38 36
2 28
31 2
30 5
33 12
5 9
21 37
5 1
37 12
50 4
37 41
7 2
37 9
10 5
48 45
30 8
37 35
38 34
40 17
29 19
27 23
9 35
35 48
11 15
21 24
16 12
15 7
17 22
28 3
47 27
36 27
13 29
12 22
41 1
21 3
25 21
5 48
47 35
2 42
17 7
20 22
30 32
5 34
36 47
25 33
9 34
12 10
33 22
24 25
28 23
43 44
43 4
39 48
41 39
45 42
13 7
40 16
49 42
40 44
28 36
20 16
27 37
10 33
8 10
32 35
28 37
40 27
26 23
11 28
19 16
24 8
23 33
27 13
8 24
9 18
34 36
24 30
15 12
21 33
17 22
10 5
31 46
18 49
29 6
23 29
38 49
32 46
10 10
35 10
27 17
2 46
25 10
22 25
7 39
12 44
50 25
23 21
22 30
37 42
22 50
48 9
6 9
19 31
40 15
32 3
48 17
28 33
10 25
15 1
47 18
43 29
1 46
26 17
8 22
23 14
25 30
38 21
3 30
47 8
13 43
9 28
12 10
36 38
39 21
41 3
31 35
30 33
1 31
5 7
23 8
37 27
49 47
28 25
32 2
46 24
1 44
6 6
43 15
37 43
45 33
19 27
11 25
8 1
7 11
19 12
40 31
27 7
31 39
42 5
28 15
10 39
44 31
47 17
10 36
21 33
12 4
31 39
39 22
35 40
1 48
28 5
11 42
32 5
11 42
8 25
13 40
20 17
36 6
44 16
1 45
50 14
4 12
33 32
21 43
42 19
23 23
17 19
25 34
27 48
23 37
27 34
2 35
43 46
14 37
33 38
1 14
25 35
18 6
50 9
28 39
13 41
10 2
35 29
29 36
23 11
46 1
37 49
46 48
36 31
18 9
24 21
7 20
26 48
9 24
14 25
16 38
39 27
7 27
14 24
36 35
37 36
36 32
31 26
6 32
42 18
38 24
45 16
13 46
20 20
47 23
10 33
11 14
40 49
24 18
4 3
41 9
40 41
18 26
7 20
38 23
48 49
16 27
23 45
14 28
3 44
26 12
25 12
12 39
8 14
19 35
44 13
5 11
36 35
7 22
47 45
45 44
22 44
40 10
39 46
39 4
15 41
5 17
5 42
5 16
1 14
26 25
35 46
30 31
2 23
17 36
31 48
44 13
22 5
50 33
38 12
3 39
7 5
46 9
24 13
26 2
29 26
21 3
33 15
37 1
38 37
36 5
17 19
23 31
16 40
2 24
14 5
9 6
14 20
32 6
10 39
15 9
14 40
4 35
37 46
34 41
47 25
45 22
2 14
5 19
44 19
24 6
13 8
29 34
42 28
17 13
21 1
40 31
17 34
32 45
35 6
30 17
38 32
47 26
46 42
10 1
9 39
46 33
17 23
1 25
37 8
10 19
1 9
45 1
45 17
24 28
44 32
15 3
30 32
23 13
13 25
14 32
17 23
46 9
35 35
44 48
16 23
32 3
5 16
34 28
5 49
32 8
12 48
31 46
10 42
18 5
39 23
47 31
42 5
41 44
41 28
1 34
38 6
23 34
11 42
42 9
18 17
16 26
23 31
24 47
1 33
7 42
24 41
47 3
47 15
45 37
20 37
45 45
30 7
50 19
29 40
6 44
19 46
29 21
19 43
25 2
43 22
12 31
34 19
35 9
45 32
18 29
23 17
25 14
35 4
43 27
22 13
11 50
23 42
34 39
40 43
14 9
39 35
5 28
38 24
5 39
18 34
2 25
40 42
46 27
5 24
37 40
42 26
17 47
37 14
8 50
8 28
12 24
1 49
22 16
7 40
23 29
5 24
17 27
3 44
18 12
4 7
32 4
2 45
10 48
49 40
17 17
40 7
7 31
48 42
33 30
8 4
29 8
34 12
6 46
9 38
44 25
30 12
6 27
26 31
22 17
34 24
32 38
20 25
19 38
18 18
23 3
10 25
39 2
49 43
30 46
20 7
19 25
3 49
31 26
43 28
2 2
41 28
4 35
23 11
30 24
27 40
16 2
5 36
31 6
1 3
10 12
39 20
18 30
7 41
19 50
1 1
28 22
6 42
4 34
7 30
21 33
34 33
21 39
44 39
43 3
14 47
18 2
33 2
45 36
37 40
40 13
36 38
31 20
3 43
23 34
16 11
46 45
33 1
41 18
20 29
25 34
37 35
39 42
29 20
11 33
47 16
5 2
21 32
26 35
20 25
36 48
45 35
37 33
50 27
5 28
13 19
5 31
23 1
20 43
27 3
18 32
34 23
6 22
8 6
31 32
31 27
13 18
50 25
2 50
29 1
19 8
39 43
43 25
18 13
15 15
46 44
17 35
8 31
37 24
5 16
44 19
36 36
12 7
8 37
37 15
23 38
30 7
31 13
25 22
38 50
44 41
25 36
16 12
37 33
50 4
22 42
29 43
49 9
47 40
5 8
45 35
43 29
41 24
48 24
25 17
7 37
22 18
31 32
16 40
43 18
11 15
7 17
27 41
30 8
17 26
10 36
16 12
37 3
28 6
24 36
23 2
22 31
14 44
35 4
23 29
43 30
46 35
25 1
10 24
49 7
42 27
38 11
15 8
15 26
12 42
45 39
19 34
29 16
22 34
12 14
45 44
29 6
8 40
15 3
11 18
46 16
28 3
12 35
10 42
35 26
16 23
6 29
47 36
19 37
2 18
13 30
37 46
37 43
48 45
14 3
18 8
10 9
43 45
36 23
49 4
27 22
1 16
2 34
20 47
16 20
2 23
18 30
23 38
34 6
9 20
27 47
5 26
23 39
11 49
5 10
32 11
27 31
14 32
30 28
49 36
8 47
26 50
38 28
33 48
19 21
18 41
19 48
36 24
25 41
50 48
11 29
11 33
16 39
16 26
11 47
43 16
16 21
48 21
18 3
25 32
25 39
36 44
20 43
35 21
20 44
24 36
19 30
18 34
9 34
31 35
1 22
42 23
45 16
20 41
24 15
3 44
40 48
42 38
10 9
2 26
12 31
11 27
10 30
15 30
15 20
41 45
20 17
34 34
26 14
28 3
48 50
49 32
19 37
45 41
16 30
11 48
24 29
8 21
2 33
5 23
19 16
34 45
31 38
4 17
21 6
7 33
15 19
7 6
46 35
15 2
1 13
42 25
47 25
9 1
25 48
16 13
10 44
33 49
18 42
49 38
21 38
8 6
11 35
19 15
18 8
20 35
9 18
44 13
14 7
7 3
17 38
31 22
22 28
21 16
3 39
29 20
25 23
9 36
50 37
44 28
12 17
37 15
28 23
29 30
34 41
28 37
8 3
32 11
26 32
22 3
22 28
1 50
36 48
34 11
38 37
6 27
41 2
26 42
21 20
10 6
43 7
9 40
50 2
33 40
42 25
4 7
6 15
12 6
17 43
32 45
23 6
7 37
28 16
35 34
40 50
8 47
36 32
33 16
8 35
11 18
24 49
16 16
22 31
26 27
24 40
45 7
43 46
13 4
37 22
23 50
46 28
9 31
48 31
17 44
11 5
6 29
44 36
16 21
49 17
8 43
49 22
20 5
8 43
16 32
31 46
24 39
21 26
8 32
27 20
25 24
4 39
24 32
4 50
18 42
34 2
24 26
30 33
27 43
24 39
34 43
33 7
32 9
43 5
24 42
15 19
8 50
33 21
20 31
24 36
38 39
16 8
42 11
5 45
35 18
12 28
36 19
27 46
50 18
9 21
40 26
25 25
47 47
29 10
45 18
7 5
12 32
44 22
19 5
24 48
28 3
23 36
31 13
30 2
22 33
8 40
17 11
9 34
43 13
31 40
44 38
21 37
10 7
13 15
12 28
31 36
23 39
2 5
6 6
38 33
25 28
40 45
30 41
3 49
40 25
12 33
21 35
41 34
48 31
10 3
40 12
50 42
47 13
18 3
36 2
31 5
1 12
2 21
21 32
6 4
39 10
44 19
3 11
43 36
40 50
13 5
46 29
41 13
17 42
46 8
14 4
15 26
48 16
48 16
22 20
29 3
22 12
22 24
11 24
25 17
21 50
31 38
2 16
10 21
31 18
24 7
34 46
12 38
4 32
1 9
11 27
38 32
7 34
9 11
27 20
21 34
23 49
17 1
24 24
43 26
32 6
1 16
6 15
48 14
24 11
37 1
34 37
20 26
36 40
9 29
14 15
15 32
32 36
11 31
6 5
12 5
21 39
6 13
28 28
38 3
3 2
38 24
49 36
28 7
37 36
2 38
19 50
37 17
47 3
9 47
2 5
43 21
35 24
1 50
3 12
13 40
13 7
45 50
9 13
48 24
13 45
45 50
18 34
36 31
30 14
20 44
14 33
8 15
14 48
12 10
49 18
25 24
26 11
25 21
46 34
30 22
23 8
41 26
7 40
6 28
22 38
20 25
39 37
37 29
38 5
22 48
23 36
48 48
18 48
33 22
45 15
25 13
40 20
9 15
43 46
35 16
43 16
2 6
34 33
37 38
37 21
8 9
6 10
9 5
28 26
40 44
6 23
42 16
31 47
43 2
20 25
40 29
35 12
46 43
31 18
41 33
41 19
28 48
5 48
23 37
30 34
8 15
30 37
33 49
3 12
38 27
6 24
37 27
22 42
9 32
14 4
22 49
47 6
6 50
38 3
36 30
44 19
7 44
44 26
39 41
18 48
21 27
5 25
16 7
41 28
31 26
25 6
12 3
2 23
27 17
46 41
9 12
7 42
19 17
7 1
50 9
37 26
50 21
29 44
21 17
45 21
27 2
4 19
43 40
8 7
49 21
32 5
46 9
25 41
41 16
27 31
7 40
12 13
6 8
27 43
13 29
30 21
41 41
30 35
41 33
3 37
42 39
49 36
26 39
7 23
3 18
10 33
47 11
21 21
15 3
31 47
17 30
20 12
46 7
41 50
38 38
28 45
30 29
20 26
48 8
25 26
8 2
13 34
7 6
10 33
31 23
2 42
3 47
5 22
23 48
35 45
39 10
39 12
39 20
27 10
35 36
38 4
37 44
49 2
36 45
18 9
50 16
12 19
42 5
4 16
12 14
24 39
2 50
19 14
23 41
28 48
1 9
2 15
18 39
34 2
12 3
18 3
21 12
18 31
48 15
28 21
11 9
10 3
18 13
5 31
28 40
50 34
1 30
18 1
5 18
23 3
5 16
29 42
23 28
42 46
17 22
33 21
24 27
41 44
24 41
33 47
31 3
32 32
35 31
48 2
4 39
4 22
14 11
38 33
28 38
11 29
49 44
23 43
37 24
15 13
10 12
15 49
30 40
22 48
49 14
2 21
43 5
15 8
40 6
43 2
32 19
15 3
48 32
6 37
1 36
47 22
20 10
1 11
11 49
15 22
43 9
13 18
25 37
42 29
30 16
37 36
40 13
45 1
39 39
24 50
23 39
1 21
33 42
42 3
27 43
2 8
26 21
7 16
45 50
18 48
35 26
39 4
4 26
15 33
34 44
34 38
8 6
49 36
39 41
33 42
50 15
37 36
4 25
26 43
42 48
25 43
48 26
1 13
45 3
46 15
5 30
37 32
17 12
4 35
27 5
21 39
26 28
2 7
1 29
28 29
24 42
19 3
15 21
24 20
36 12
41 21
2 42
6 28
14 19
25 9
49 42
19 48
6 25
3 22
1 7
50 31
33 24
46 19
40 49
10 21
42 27
19 3
32 45
15 24
34 45
37 40
39 33
9 7
29 44
2 13
43 31
6 2
20 27
28 1
22 11
37 37
39 15
11 5
30 20
17 26
17 16
48 5
11 5
50 8
20 41
21 2
3 15
43 26
29 24
34 20
7 2
18 22
29 47
19 28
5 8
23 35
41 21
27 22
29 1
42 29
30 1
15 14
42 34
9 9
29 20
21 44
15 37
33 40
17 43
1 3
39 22
44 25
49 29
30 23
1 27
29 23
38 32
15 45
4 29
50 25
18 32
18 22
11 32
25 2
7 28
1 27
3 45
24 46
20 1
30 3
27 20
3 8
3 14
45 17
43 6
39 44
16 10
42 8
11 28
5 18
44 17
12 7
5 46
49 35
39 24
44 28
35 17
32 48
15 39
46 26
22 9
19 34
43 39
16 10
27 4
22 23
31 22
19 33
19 35
9 17
44 9
25 4
1 31
19 7
34 17
26 15
50 5
43 44
5 43
48 11
33 33
6 19
4 13
48 24
43 22
31 8
11 38
18 7
13 13
30 37
3 47
3 7
50 4
46 48
8 6
38 45
16 42
4 43
18 19
42 3
10 10
48 24
31 22
37 17
5 45
41 16
24 7
11 46
43 25
30 8
5 2
43 19
11 20
38 46
1 30
42 29
5 12
36 41
7 35
29 22
39 12
20 22
17 12
36 32
40 11
12 17
35 44
15 4
1 47
26 2
32 1
13 19
9 36
20 50
21 18
29 1
22 11
22 50
32 40
50 9
25 23
18 11
14 9
5 32
35 14
17 32
1 16
4 31
30 9
26 25
25 50
12 6
8 48
37 33
43 39
13 36
46 17
27 32
15 11
25 31
12 49
16 43
23 12
23 19
46 2
3 50
6 20
18 14
48 15
5 4
42 40
6 17
50 39
50 32
14 14
14 26
18 27
41 29
50 40
43 13
14 47
16 45
10 21
35 35
39 7
46 39
7 32
20 3
36 6
19 19
46 1
27 34
15 15
4 19
31 16
12 48
42 47
17 27
12 1
9 2
42 2
35 6
10 49
4 4
25 45
47 25
8 20
35 26
44 24
39 40
38 27
23 50
29 31
34 41
42 42
43 42
48 36
34 27
32 7
4 39
13 6
28 50
27 23
46 14
3 21
47 35
36 42
23 21
11 14
5 6
49 5
40 47
25 46
5 23
11 7
14 8
9 26
50 41
4 36
8 45
31 9
50 4
24 17
30 24
31 36
40 35
33 30
27 29
3 10
18 31
40 16
41 31
24 1
38 40
36 29
37 45
50 17
33 39
14 25
10 12
48 47
26 50
30 33
42 4
35 33
48 9
41 26
26 40
31 16
45 13
9 16
32 33
23 8
32 16
30 37
33 44
43 27
9 10
15 22
6 2
10 1
27 5
44 3
18 4
19 24
42 14
47 27
35 23
41 21
7 18
11 20
48 41
2 5
29 9
10 17
17 34
39 22
24 45
49 34
10 43
7 17
43 1
25 5
25 29
49 15
34 34
26 9
14 34
42 28
46 44
27 1
22 14
9 17
3 47
42 9
25 12
12 48
4 19
50 36
1 28
11 48
8 36
19 39
16 23
16 12
13 13
26 45
13 36
35 36
44 15
26 26
25 20
41 37
25 28
5 40
39 27
14 18
6 46
21 35
46 23
37 36
32 8
46 14
50 45
9 30
5 45
17 37
25 31
8 7
46 49
27 14
33 36
31 41
25 40
14 3
39 20
30 50
14 22
16 27
6 15
11 27
13 12
42 27
33 39
40 1
14 30
15 16
8 47
36 48
50 32
4 50
1 40
12 35
13 16
32 29
7 18
31 43
19 21
10 24
24 4
35 49
14 37
35 50
49 24
7 23
24 50
42 10
46 24
42 5
33 8
27 23
15 42
12 9
32 36
41 21
19 5
44 25
26 35
8 30
2 24
26 14
26 27
3 17
23 23
33 44
16 7
48 11
20 33
20 10
30 3
10 10
34 1
35 5
34 10
35 44
9 38
14 12
30 36
9 16
9 2
9 43
3 27
9 6
15 24
27 28
39 47
47 36
42 22
33 33
26 25
12 20
31 36
22 28
43 13
14 32
24 4
30 22
30 28
2 40
19 44
40 30
17 7
30 38
20 8
34 13
34 47
33 48
25 16
28 6
39 19
22 42
15 12
41 3
44 44
40 44
23 12
18 31
19 41
48 48
12 40
37 34
31 45
12 21
28 5
23 40
33 16
29 47
1 47
41 21
15 45
8 32
12 39
30 26
25 32
22 29
12 38
32 10
32 44
48 43
34 9
26 23
19 16
13 4
26 21
15 5
38 40
31 23
50 49
31 10
40 26
13 2
13 4
47 46
40 44
2 47
19 24
41 27
32 39
11 5
11 7
49 28
2 48
47 29
40 1
28 29
32 31
34 40
37 44
37 33
31 26
1 38
16 49
39 42
48 49
7 49
26 9
6 7
35 29
29 4
32 26
7 8
49 13
6 42
24 35
13 42
31 4
4 15
8 48
48 44
45 6
14 7
13 22
1 21
25 50
25 31
39 6
19 31
23 37
24 26
18 48
4 36
50 50
50 9
3 8
13 47
3 47
20 28
48 16
15 20
1 22
30 41
22 39
27 48
25 46
43 50
35 44
44 48
7 37
44 43
41 9
7 8
35 44
11 26
48 32
6 27
17 48
38 35
34 40
35 16
18 8
2 30
27 2
40 47
39 35
45 35
42 29
24 3
31 28
10 34
12 28
27 17
1 29
20 16
31 36
43 5
36 48
2 46
42 14
1 43
28 32
13 45
48 19
47 36
22 28
5 8
26 35
15 33
48 28
13 35
41 30
30 7
3 26
41 31
23 46
30 41
36 2
21 42
29 35
14 19
26 50
37 20
2 3
30 1
35 49
30 42
50 25
2 9
41 2
50 45
35 14
15 29
22 22
8 37
5 50
2 21
40 32
34 38
38 41
41 15
6 23
49 21
31 6
9 3
47 22
37 10
40 33
7 3
40 11
11 14
35 46
30 14
1 24
17 15
30 38
12 9
29 37
44 13
15 12
33 5
14 13
45 19
21 6
16 1
17 12
8 28
41 1
26 39
3 43
33 44
3 34
21 44
8 33
44 16
20 24
36 28
46 36
41 33
35 17
30 8
38 1
3 37
27 28
21 31
24 30
15 3
48 28
13 35
3 8
31 8
36 22
9 19
3 31
49 1
9 37
38 29
17 46
25 42
22 44
25 47
1 48
27 39
26 1
8 39
47 28
1 40
10 32
14 10
10 12
49 13
41 20
17 38
29 9
2 44
40 3
50 28
17 41
43 26
17 42
19 2
41 13
46 19
30 3
14 9
21 42
11 14
1 13
24 28
21 32
34 27
5 12
4 35
12 21
14 46
47 28
42 34
4 40
42 39
48 34
25 5
19 20
35 37
16 21
2 8
34 38
50 37
23 38
10 3
1 37
16 25
10 47
38 8
48 14
49 29
36 45
15 25
11 4
26 49
8 27
14 30
18 41
31 15
18 41
27 42
17 20
16 42
1 28
41 4
34 49
45 39
15 19
24 11
9 26
4 50
29 18
9 17
34 48
38 41
32 1
22 16
10 50
28 37
42 10
10 20
11 28
46 5
15 25
50 20
21 26
43 3
22 1
48 3
43 5
7 38
3 27
28 30
16 12
24 5
25 10
37 35
41 35
11 34
5 6
33 11
15 25
27 27
32 38
44 25
12 24
2 2
31 16
28 30
34 49
10 3
37 10
46 48
31 28
35 7
19 36
12 19
45 33
23 39
13 26
2 16
20 26
41 3
32 50
50 20
24 18
29 9
6 11
40 25
33 37
24 24
44 1
35 37
25 38
16 7
25 39
14 19
21 44
45 7
28 5
24 45
3 2
14 2
28 11
49 3
28 10
10 22
8 21
10 45
3 35
23 25
43 27
22 39
47 16
22 17
13 26
27 45
46 15
27 40
44 26
35 25
48 21
43 47
43 8
42 3
29 45
24 16
6 24
39 45
13 2
28 12
6 25
42 6
48 3
28 20
45 41
14 15
11 42
49 6
10 3
47 42
8 39
12 22
17 13
17 2
13 31
8 46
1 18
22 1
20 50
43 50
14 16
8 6
13 24
28 8
50 23
13 24
46 7
21 24
25 14
46 37
32 37
6 5
5 35
34 27
28 27
42 26
33 43
18 49
7 48
22 45
21 8
14 34
7 18
31 34
23 33
19 28
33 6
40 26
2 39
15 26
1 32
24 9
7 36
33 42
36 15
22 4
37 6
25 37
23 45
27 7
35 45
50 47
22 19
7 42
17 25
6 24
32 19
6 30
23 40
7 38
43 10
18 30
17 31
25 42
49 41
35 3
49 33
1 36
29 22
47 9
32 45
16 4
33 15
5 21
11 7
17 11
40 5
36 34
25 8
48 10
15 23
7 32
20 13
37 9
18 48
45 33
38 1
16 12
34 23
29 20
32 46
1 45
28 21
29 36
47 5
27 28
12 11
26 36
44 31
30 12
46 13
14 26
39 33
7 31
50 23
18 36
30 33
5 20
5 10
14 33
13 4
14 42
27 24
4 41
4 21
33 35
13 1
34 48
28 1
23 40
27 29
11 43
12 7
18 16
50 19
22 31
22 12
35 37
28 49
21 40
25 31
32 3
1 37
37 17
8 28
7 12
6 37
43 19
34 19
37 12
42 34
47 8
47 15
13 32
21 24
6 33
38 47
35 39
7 38
17 24
35 17
3 25
44 42
10 45
6 27
12 47
6 49
13 9
42 2
27 28
12 12
11 35
23 49
38 45
18 32
48 5
31 4
45 50
46 24
3 5
3 3
1 16
24 8
12 15
42 17
31 38
24 6
4 41
35 49
30 44
50 5
10 27
26 30
6 5
11 23
25 8
25 13
20 27
41 1
17 33
23 35
40 47
37 46
44 45
40 24
30 23
1 39
19 39
43 28
50 26
35 5
17 24
50 9
9 39
21 43
29 26
24 45
41 20
14 11
36 36
11 6
44 15
5 11
39 14
39 50
4 38
14 23
34 21
11 15
7 42
19 33
28 37
6 43
5 20
5 22
27 40
6 17
28 20
36 10
9 18
7 24
49 13
35 20
37 32
23 47
29 45
32 44
36 8
27 37
10 40
29 34
50 36
8 36
45 29
46 43
18 4
18 5
26 16
49 4
50 12
7 24
17 28
36 38
26 4
43 14
47 36
23 23
8 49
29 32
24 2
7 25
31 44
11 26
29 6
18 10
35 28
6 24
13 1
4 43
8 38
25 48
20 5
5 48
29 29
32 33
9 5
50 41
16 39
47 10
21 45
22 14
39 5
7 29
21 3
40 12
9 29
35 17
16 30
10 41
23 44
50 42
32 34
24 1
11 47
41 20
33 33
40 15
43 23
25 46
10 16
46 17
33 18
50 32
22 48
43 9
2 46
29 45
45 33
32 3
22 7
42 24
38 7
31 31
28 31
46 6
24 37
7 43
24 6
5 8
16 45
42 47
41 20
2 21
25 38
44 35
9 46
4 35
17 46
28 35
42 45
33 25
17 15
22 41
48 40
36 26
22 16
35 28
50 15
2 38
23 24
21 47
32 33
28 25
11 50
44 6
32 2
18 27
19 49
40 39
14 17
32 26
5 37
1 18
5 4
27 4
3 29
11 47
23 36
35 39
46 35
36 29
7 29
27 5
43 25
43 17
44 8
45 26
43 50
3 47
1 48
28 31
29 3
38 39
29 2
36 24
2 24
4 24
30 10
37 31
49 23
30 29
5 44
43 26
23 49
46 47
27 25
29 24
14 5
8 18
41 42
17 46
21 43
4 20
2 50
22 40
21 50
45 4
29 27
25 37
33 3
27 23
48 11
16 5
22 11
2 25
20 13
7 20
39 40
42 10
2 41
42 13
18 24
50 37
23 49
1 26
48 8
18 28
32 47
7 35
12 4
18 10
29 31
23 24
35 20
10 14
28 38
11 1
39 48
46 12
38 14
21 46
23 37
34 40
27 7
12 42
2 38
20 29
2 32
1 42
7 38
26 12
15 37
34 38
50 3
16 29
24 39
27 38
28 49
5 10
4 4
41 16
46 7
38 10
4 49
36 41
4 12
48 11
1 18
21 31
9 50
38 38
26 35
33 14
26 3
8 39
6 31
37 50
11 1
49 26
18 16
28 36
49 22
39 25
6 49
50 11
49 16
50 39
4 24
28 34
22 29
9 37
36 29
31 47
23 48
14 31
17 40
13 41
15 15
15 2
14 22
38 14
2 12
37 39
23 5
36 16
2 46
27 46
43 39
37 7
38 17
8 50
40 4
20 21
24 6
30 36
49 37
1 19
7 2
6 39
7 31
29 43
39 10
49 5
11 33
1 35
36 48
3 8
30 27
34 24
9 3
42 13
31 7
10 42
32 40
20 18
10 38
48 48
4 50
34 46
32 15
14 34
44 19
47 17
40 25
30 30
45 1
9 21
14 25
16 19
36 45
35 36
35 47
47 32
29 39
5 32
18 12
32 18
36 13
37 28
7 28
28 16
36 1
28 38
6 49
46 43
30 43
40 30
13 17
7 38
19 41
4 11
30 36
48 35
12 18
45 37
2 20
23 24
11 40
38 50
44 19
11 35
14 26
42 50
39 26
18 48
10 8
45 21
5 39
6 45
31 18
38 2
27 34
23 10
11 40
8 13
47 6
31 20
22 13
40 24
23 10
17 10
30 32
21 14
8 37
6 28
32 40
23 43
4 8
47 48
10 16
22 6
26 8
22 4
28 49
8 12
23 2
34 27
40 2
40 6
33 49
40 48
42 16
24 14
11 46
13 22
30 22
30 36
40 7
5 1
14 19
20 12
38 36
40 5
10 29
29 31
28 45
10 18
32 20
17 35
7 44
16 29
15 38
44 45
47 6
24 50
13 13
48 45
50 1
31 39
20 11
5 10
27 49
18 15
49 10
4 34
15 7
44 19
15 29
34 39
38 11
23 9
5 1
3 23
11 6
17 35
44 32
31 21
37 23
32 48
34 36
44 35
3 48
28 38
28 19
30 13
23 18
20 4
28 27
35 22
6 41
22 1
21 2
24 4
4 8
45 5
42 39
38 38
27 46
15 15
29 5
22 46
1 1
29 43
14 29
21 13
15 21
24 44
48 36
45 47
4 1
39 39
28 47
42 26
42 5
11 6
3 20
22 34
26 4
34 2
17 41
13 4
47 33
20 37
35 44
46 14
4 40
36 36
13 34
38 28
35 4
25 50
33 38
41 48
2 10
50 24
27 20
2 12
50 25
19 22
35 35
26 16
2 41
24 12
39 14
20 13
12 23
12 46
44 46
5 2
27 47
16 6
19 3
30 17
38 21
5 48
15 25
17 32
43 16
32 40
4 33
8 1
46 17
12 19
21 41
37 18
25 49
4 2
21 43
13 33
30 10
34 19
1 44
12 2
43 45
28 43
45 46
12 35
3 40
33 25
42 25
24 19
23 16
11 27
9 43
2 25
46 40
35 38
39 46
42 48
40 32
29 19
5 36
28 41
15 8
34 10
30 9
24 7
35 2
44 36
11 45
34 48
35 6
3 21
18 23
6 44
15 10
45 35
27 19
28 22
33 41
49 12
20 13
14 25
10 7
1 10
7 22
27 37
7 41
15 31
27 26
35 21
7 41
9 32
5 33
25 39
50 38
50 24
50 21
27 13
22 9
31 28
16 30
20 9
40 24
49 35
7 16
8 36
17 15
47 18
6 21
8 21
46 5
26 9
24 45
6 2
31 47
27 36
46 46
19 46
32 37
4 20
5 40
4 11
29 23
43 2
23 34
41 3
13 20
15 18
21 36
33 20
7 2
49 11
6 2
41 20
39 40
29 44
5 45
17 35
36 33
18 11
15 10
30 8
27 28
15 46
17 48
49 49
9 23
26 49
18 17
6 16
10 8
4 36
22 16
50 20
33 8
19 17
27 49
28 50
45 3
50 43
43 11
35 50
1 2
20 13
30 20
28 27
12 41
6 31
3 34
43 5
24 37
35 11
11 50
4 13
7 7
20 4
5 49
2 6
20 5
25 21
47 50
42 4
34 11
46 48
4 38
26 38
50 27
28 11
25 12
21 32
37 31
29 40
45 41
46 31
3 15
16 22
25 50
12 7
6 10
48 7
46 10
38 23
35 47
9 18
49 9
39 29
20 37
27 20
2 16
32 24
45 4
5 47
6 21
31 16
22 11
22 30
4 19
16 10
27 39
47 24
4 27
13 38
7 25
40 41
17 10
13 22
20 13
34 20
35 25
36 14
45 9
27 7
18 48
36 42
17 46
22 35
22 22
46 36
29 30
39 38
9 45
9 3
22 28
3 42
7 7
17 40
46 1
49 43
37 14
11 36
20 5
29 33
20 43
22 24
11 48
44 10
13 21
49 5
48 36
42 3
42 5
7 8
3 39
4 7
45 41
45 15
47 14
7 23
49 18
18 30
40 11
34 11
15 4
39 32
36 13
19 33
42 27
15 27
36 46
36 19
33 30
45 33
7 31
50 3
33 5
18 17
28 24
29 1
34 44
8 19
3 21
47 28
7 45
40 13
33 42
23 28
10 17
49 19
22 16
23 49
15 6
31 42
44 44
40 11
29 29
49 47
27 32
28 47
9 33
24 19
46 44
12 48
18 7
25 11
11 41
46 49
40 25
21 28
38 33
13 10
8 17
50 11
7 34
16 29
47 15
10 41
40 45
3 22
34 8
48 27
25 44
18 46
23 16
50 40
1 11
29 12
22 9
44 30
8 28
45 10
2 6
2 6
27 42
1 7
33 10
3 48
43 10
27 23
14 18
30 27
40 15
23 8
39 14
43 16
27 48
5 37
45 31
24 7
13 21
33 24
21 47
8 37
11 16
33 35
13 25
39 14
21 4
17 13
30 11
10 10
48 9
39 14
22 42
15 12
35 36
35 47
35 7
24 42
28 46
22 8
21 40
46 10
24 43
5 12
21 3
11 14
28 21
12 1
12 49
37 26
24 48
7 21
12 11
6 30
40 42
33 27
38 10
5 28
40 13
15 9
23 12
32 28
28 2
50 44
21 42
39 38
8 47
7 45
27 22
13 14
42 16
27 45
23 31
43 33
42 14
25 9
38 16
17 7
2 16
9 18
6 22
20 49
44 13
34 26
41 22
39 48
43 34
14 15
50 17
30 8
17 41
6 4
10 4
21 22
39 11
35 31
30 46
9 4
32 23
46 44
44 24
8 34
50 36
4 23
31 49
41 33
38 49
4 46
19 48
10 27
7 10
5 46
50 36
10 15
11 33
6 5
40 4
41 15
38 42
42 44
28 20
20 33
30 15
12 23
49 49
10 24
19 8
43 14
31 20
2 5
11 41
46 10
26 1
44 36
31 13
34 35
17 8
22 3
28 49
49 36
11 28
35 8
23 29
1 30
34 3
45 4
13 44
46 40
25 39
3 39
24 5
14 39
43 42
40 36
23 22
50 38
45 33
13 36
17 20
22 13
17 50
46 17
8 31
21 43
32 33
39 26
16 7
50 5
40 8
32 40
29 12
46 33
18 26
45 8
23 35
36 18
36 41
23 33
28 44
28 44
21 9
17 18
22 36
45 16
7 13
26 26
8 38
13 21
31 28
14 9
26 3
43 1
36 14
9 15
10 13
23 36
5 30
17 41
8 27
39 14
41 15
4 17
37 1
28 18
26 17
21 43
45 3
18 15
30 30
44 26
13 41
23 16
8 18
44 39
4 16
32 34
50 45
45 35
2 39
7 24
18 27
31 28
42 12
44 49
24 23
14 37
5 37
6 36
26 12
27 1
34 30
26 8
44 36
26 20
45 45
23 32
11 12
23 6
4 3
27 18
5 29
17 42
27 11
22 22
22 5
36 1
8 8
43 11
32 2
48 20
1 26
39 21
28 12
16 13
31 31
11 42
34 37
47 28
49 12
18 18
18 21
28 5
15 28
31 22
41 48
23 28
50 43
4 13
26 27
9 21
15 6
42 20
47 50
13 40
7 45
17 33
37 27
4 44
17 2
49 34
13 7
50 24
38 13
41 5
28 13
20 50
19 44
43 13
2 15
11 7
39 11
37 28
23 26
29 40
25 40
48 27
2 37
1 49
6 42
4 42
41 33
26 26
38 11
25 20
26 40
50 37
14 17
42 38
29 39
28 20
48 3
41 27
26 2
43 42
35 31
15 46
21 27
37 42
11 11
2 13
49 38
4 3
40 15
3 45
16 18
22 32
8 14
17 14
5 35
15 9
6 41
17 29
20 29
39 3
15 32
20 42
44 16
30 25
22 33
2 34
15 37
2 25
38 24
9 18
28 45
35 25
4 34
12 4
6 25
9 2
43 23
38 30
4 36
20 17
2 25
14 23
47 18
41 17
37 36
30 1
26 14
47 17
20 31
7 10
11 25
49 15
44 3
40 36
4 50
26 9
33 5
22 41
8 29
15 15
15 44
9 46
12 42
24 8
17 33
10 31
47 30
34 8
44 43
42 24
34 49
4 17
8 19
47 25
41 17
12 13
11 6
49 20
29 24
7 23
5 46
27 18
25 3
45 10
35 20
19 36
5 21
39 24
48 14
30 37
2 41
48 43
12 12
37 46
20 41
38 43
12 24
27 16
25 37
8 23
11 12
34 26
49 15
30 22
10 49
39 9
1 11
24 36
33 14
6 11
5 3
28 45
10 17
5 6
29 37
50 12
40 39
5 33
4 40
38 34
44 13
26 28
15 46
9 49
11 50
2 17
13 16
34 29
35 23
11 38
1 15
3 10
42 40
30 7
40 47
11 19
49 33
28 36
37 13
12 38
6 47
14 15
46 19
43 49
36 32
46 3
14 39
28 48
6 5
1 7
28 45
29 13
49 26
40 8
47 35
33 4
18 3
23 49
47 13
46 15
19 35
23 41
38 32
38 2
11 45
39 40
2 38
13 19
28 2
36 4
7 25
29 21
21 27
41 1
17 17
3 37
27 37
18 25
27 17
11 7
46 37
26 2
20 49
1 40
43 48
24 38
8 2
28 2
4 28
47 18
4 20
6 49
26 33
49 25
31 2
40 11
12 28
26 15
4 34
33 26
14 48
49 8
9 23
3 26
46 14
35 49
49 1
33 42
18 24
25 33
44 48
27 16
30 7
42 4
32 35
33 24
31 45
19 31
9 41
4 21
21 4
4 40
31 20
43 39
21 48
47 20
35 16
23 25
29 17
1 14
40 10
6 35
18 22
13 26
47 26
31 18
10 19
40 34
24 40
40 33
4 45
10 36
11 38
6 34
50 41
50 7
43 41
12 7
32 10
37 26
46 30
49 19
3 5
44 38
22 28
22 33
21 25
15 34
19 33
23 20
28 18
8 24
30 21
32 22
47 11
41 21
39 42
46 41
30 43
21 42
26 4
30 44
27 46
30 44
14 46
15 2
25 43
15 25
46 4
17 47
19 42
36 9
1 7
2 33
24 32
35 22
15 2
49 15
10 44
39 29
30 25
18 5
29 7
12 32
30 24
18 28
38 48
7 3
35 38
22 8
31 11
12 6
22 45
40 10
38 32
8 30
35 20
28 25
9 13
39 39
19 38
38 6
10 6
46 46
3 44
6 19
24 33
29 17
29 48
31 19
48 18
37 38
15 34
47 14
5 23
12 37
42 23
30 1
46 1
46 27
45 50
32 4
22 21
18 13
33 50
18 50
37 32
16 6
20 3
27 14
50 26
48 39
41 43
45 27
6 37
36 42
45 50
22 20
34 17
16 41
40 16
47 35
41 29
31 14
27 12
37 8
48 28
20 36
14 40
26 14
6 19
21 14
35 2
18 42
33 18
35 36
20 22
50 33
47 12
23 33
40 25
3 11
46 39
28 24
40 10
28 6
21 45
46 48
42 5
24 16
1 24
47 10
42 22
34 47
31 40
15 6
19 20
10 19
42 14
23 37
44 33
27 3
2 14
20 25
42 43
18 43
2 42
13 15
13 46
35 48
6 43
14 1
19 24
37 23
11 13
45 12
16 5
18 24
50 19
12 38
32 41
34 31
45 34
29 48
46 7
49 15
16 1
26 12
36 36
50 14
25 47
1 47
20 42
11 18
7 21
11 24
4 39
24 44
41 49
7 4
18 38
38 8
21 35
21 13
27 7
3 22
18 3
45 5
22 39
9 7
30 31
19 21
16 35
33 44
47 7
46 42
49 16
1 34
48 19
25 23
44 26
29 29
33 12
50 25
33 7
37 11
31 12
46 7
50 49
7 31
24 48
13 2
35 22
42 13
35 35
10 19
47 29
42 40
16 30
38 43
5 48
11 24
32 38
36 9
41 33
30 42
43 14
35 42
5 30
14 28
46 41
21 25
17 43
24 12
7 32
30 11
36 11
48 42
50 17
49 33
24 40
3 28
21 19
48 39
17 25
18 13
37 12
6 38
2 3
37 29
41 8
18 16
7 26
44 18
50 9
48 44
21 26
44 3
41 44
20 41
3 9
21 37
25 41
46 26
7 28
35 32
49 47
23 4
21 7
15 18
12 21
46 15
17 34
27 39
31 9
18 47
33 35
25 40
17 9
36 22
5 23
22 22
26 5
12 44
11 46
18 28
42 24
8 15
5 10
19 34
30 37
21 38
27 15
23 48
21 45
20 9
32 26
30 41
34 7
5 43
21 46
20 24
41 12
24 29
12 47
34 42
31 44
8 4
3 7
3 30
40 24
1 22
12 22
30 30
23 47
43 34
10 45
6 14
42 50
46 31
22 5
48 31
35 2
10 5
37 39
12 13
34 26
49 12
44 48
44 29
14 18
12 38
3 23
24 19
50 46
1 22
2 23
25 48
3 38
29 36
50 39
16 40
4 36
33 15
45 49
16 26
16 10
35 27
47 18
14 8
31 46
19 14
13 35
22 45
32 17
7 50
42 32
17 23
39 47
45 1
28 35
44 12
40 43
13 28
38 36
32 26
41 18
2 2
46 3
20 26
27 27
10 26
50 20
16 28
28 40
24 12
23 8
2 18
47 12
48 14
41 34
4 31
32 31
36 5
32 27
5 7
34 9
28 15
44 34
25 46
7 22
31 49
18 32
43 32
48 14
48 42
22 38
21 1
7 3
31 8
14 41
1 38
2 47
32 30
25 45
18 7
7 34
15 50
32 24
37 7
49 29
18 36
38 22
25 40
47 45
35 7
44 10
9 37
16 47
44 42
50 41
24 13
13 6
31 38
46 44
24 20
5 46
18 43
33 43
39 44
50 29
41 25
11 46
42 1
42 26
18 37
50 44
1 41
30 12
7 32
1 28
23 32
24 7
49 40
33 8
37 37
11 35
30 29
29 23
49 23
10 20
15 16
9 11
22 16
47 38
17 28
11 49
5 40
31 34
44 6
42 16
50 30
8 5
27 31
5 38
7 27
43 16
26 22
39 1
40 47
26 35
35 7
48 38
24 39
46 28
43 17
48 40
46 44
26 5
44 22
1 31
46 2
23 43
45 24
22 13
47 36
44 50
37 33
24 41
21 10
26 19
8 13
9 23
29 3
27 34
14 22
24 27
21 12
35 48
11 17
4 8
7 9
44 50
42 44
5 17
37 12
27 31
5 45
49 35
18 36
7 27
5 34
47 32
32 27
45 33
40 44
2 49
48 47
42 47
13 39
3 46
28 50
46 29
15 33
18 46
25 32
17 26
8 29
8 13
45 41
34 2
50 35
33 37
34 49
38 24
19 48
47 42
20 47
31 44
42 34
17 48
23 16
44 36
48 32
22 1
5 43
29 7
44 4
3 11
34 27
24 42
35 2
50 23
18 4
39 30
29 9
24 7
42 4
35 20
22 42
34 9
15 26
30 12
22 10
36 34
27 7
10 12
34 11
16 10
41 1
12 6
12 20
23 35
4 6
47 9
17 26
1 32
45 34
43 32
17 16
24 31
42 43
3 33
42 27
29 20
25 33
2 40
27 39
44 26
34 30
7 42
23 1
36 10
41 17
34 30
10 10
2 7
41 3
31 7
26 33
17 12
1 3
41 20
45 27
9 36
27 28
30 17
26 1
19 17
47 19
28 2
10 8
11 29
37 50
34 43
4 13
17 2
23 7
33 7
42 17
47 43
10 20
20 28
45 35
3 38
41 43
50 32
11 2
3 12
5 47
11 37
40 8
14 27
35 13
31 49
41 28
47 29
9 2
39 16
5 3
45 41
23 47
48 46
8 35
33 1
39 12
21 46
24 30
42 37
35 11
38 25
5 27
29 35
2 13
17 17
9 7
5 13
9 33
19 3
5 18
29 4
49 43
22 1
37 24
34 16
42 21
50 22
8 46
11 28
46 9
17 27
40 6
41 22
26 50
17 9
12 30
22 47
47 12
38 45
10 34
6 21
44 3
1 5
34 1
10 11
37 29
37 26
49 28
27 27
35 24
3 45
41 49
10 26
21 38
21 47
20 32
35 28
33 13
14 35
47 16
47 25
2 33
13 33
9 1
26 41
36 45
43 29
6 26
13 5
3 26
10 35
13 24
37 46
32 47
14 2
28 28
12 10
44 29
31 24
15 2
49 7
37 50
27 41
47 42
20 40
26 2
25 29
24 40
36 13
16 5
34 2
11 43
22 45
19 5
8 2
8 35
36 6
49 46
38 12
3 47
48 7
37 29
20 23
37 10
16 8
9 3
45 49
45 19
25 16
20 15
49 33
40 29
25 34
48 38
35 14
22 50
30 34
8 8
17 50
9 45
47 34
34 17
37 43
11 28
43 12
46 30
10 41
27 35
25 34
49 24
25 11
44 20
27 5
4 2
48 45
28 14
30 46
38 13
41 16
29 48
29 33
25 26
13 39
24 3
28 37
47 23
42 3
7 42
43 21
15 12
25 42
37 45
7 6
23 25
24 47
31 2
29 5
45 8
10 41
27 20
42 38
42 25
19 36
8 48
11 11
5 22
18 37
42 41
17 25
23 14
17 43
47 4
11 46
36 43
12 22
11 15
41 6
43 2
49 9
22 50
23 11
47 26
18 41
17 38
4 35
27 39
44 20
17 25
17 6
28 5
21 28
33 38
42 13
22 25
26 40
3 45
22 49
41 49
39 39
25 7
47 44
15 1
27 41
46 32
38 43
21 25
15 8
20 5
32 6
47 43
39 7
5 49
50 10
1 47
3 40
33 27
28 50
42 49
32 6
49 37
14 19
26 21
25 28
33 46
40 6
15 31
30 29
38 21
18 31
20 40
17 20
21 4
4 46
1 12
1 36
4 1
21 14
41 30
27 48
3 25
5 18
46 19
40 36
18 36
25 7
26 39
44 43
38 49
10 48
33 41
41 10
23 38
17 14
11 15
41 45
13 15
34 48
33 10
45 23
29 3
41 22
14 6
6 35
32 4
44 16
27 16
3 36
49 50
16 22
18 11
28 7
6 30
40 11
35 40
42 36
7 15
22 33
17 21
24 28
43 50
15 19
6 19
20 17
40 7
17 38
46 8
37 44
6 1
40 28
14 40
4 32
14 22
42 26
3 32
31 17
35 47
17 45
13 41
47 37
24 5
12 15
9 19
21 50
28 14
6 10
41 43
14 9
36 6
37 8
24 40
36 19
13 11
1 3
41 28
32 49
13 16
36 43
44 23
39 6
15 23
17 44
4 8
13 31
40 40
31 2
20 13
23 19
23 35
14 25
25 13
28 45
39 40
12 15
20 34
7 50
45 36
43 23
5 49
40 8
9 44
9 22
40 30
14 33
10 12
26 27
23 34
23 5
19 13
47 37
38 38
24 3
27 33
33 18
25 32
25 24
45 35
15 35
18 35
48 28
7 27
10 24
28 29
44 35
21 47
36 42
46 10
44 9
29 22
3 26
1 3
38 30
14 46
32 2
31 33
9 29
2 39
18 19
5 32
28 13
4 27
36 13
24 49
22 30
7 2
6 27
6 8
5 45
48 21
4 36
14 29
17 12
32 18
49 36
50 38
14 28
42 3
3 2
33 17
18 27
3 39
48 26
20 10
32 2
39 18
46 35
49 5
22 14
2 32
20 22
1 1
6 35
36 42
9 10
36 18
9 28
3 40
49 8
10 23
42 31
17 50
4 37
2 17
49 27
48 5
6 20
6 48
42 13
22 44
11 50
29 10
49 21
29 32
6 50
30 40
39 47
35 48
15 43
19 38
43 15
36 19
18 48
10 41
34 9
10 33
44 47
17 39
22 43
42 47
36 27
25 23
20 25
19 9
46 36
50 37
7 38
37 35
28 25
33 48
33 11
9 45
33 26
20 26
24 6
32 13
35 10
36 8
16 7
44 4
40 13
3 44
30 49
23 41
39 7
20 7
1 23
48 28
5 35
40 18
30 29
40 23
30 17
25 25
28 47
10 18
13 19
17 14
4 45
3 39
48 44
16 22
2 50
35 14
33 8
36 26
49 14
32 27
1 30
27 6
26 30
49 38
1 40
34 17
8 6
50 37
10 5
4 15
30 13
21 40
16 12
26 8
35 16
45 7
15 37
17 23
10 42
31 15
33 12
20 17
5 40
44 19
33 16
29 50
39 13
26 49
8 6
21 3
10 42
29 18
40 26
17 47
13 2
15 49
15 45
35 34
4 19
35 30
29 37
1 13
13 18
23 28
31 20
14 46
13 42
17 44
40 4
7 35
33 4
48 24
7 48
18 34
14 11
49 2
16 42
11 1
30 30
2 36
31 10
1 17
10 45
50 19
3 1
4 7
30 38
35 3
37 38
50 4
8 2
45 50
2 25
5 6
43 32
41 8
24 23
19 44
14 33
35 18
24 17
6 40
42 5
45 42
45 30
33 46
46 2
27 28
35 49
30 33
40 27
1 23
18 13
47 19
36 31
49 31
20 10
16 4
45 13
45 10
8 40
43 27
6 3
3 21
3 40
18 33
7 42
6 18
36 24
4 2
32 22
33 3
8 3
18 48
10 3
44 12
40 17
21 38
9 48
39 23
7 11
5 7
24 13
38 10
12 12
33 44
48 45
48 17
16 5
9 15
28 25
43 2
40 19
16 15
40 48
10 7
13 48
13 14
24 38
49 50
43 35
31 33
49 40
47 28
44 15
41 5
9 23
42 36
2 50
49 9
15 41
41 8
22 29
19 3
4 47
33 17
2 49
40 13
41 50
16 36
43 36
11 7
44 1
50 4
12 45
38 48
7 29
9 28
32 28
26 27
46 37
35 8
21 47
48 25
12 13
50 14
20 4
4 10
13 15
9 5
4 27
5 48
25 11
40 15
42 8
45 16
23 39
35 29
5 45
7 32
45 17
22 7
18 16
30 28
32 31
7 41
38 36
46 13
27 15
22 35
2 20
8 18
49 25
19 42
26 3
21 28
36 22
38 45
22 3
35 19
9 5
40 41
3 49
13 37
24 32
3 36
4 25
1 11
4 2
6 20
49 31
3 29
23 36
38 40
10 44
48 23
15 21
19 40
28 20
3 33
20 1
28 5
15 25
28 28
49 21
1 34
12 47
34 3
44 36
31 22
46 6
26 30
19 12
31 46
28 49
1 35
40 49
24 28
6 6
26 1
36 4
3 29
31 49
34 36
9 27
32 14
44 6
20 7
4 14
14 2
37 33
31 15
42 26
31 4
7 49
5 7
35 42
41 7
44 17
43 24
40 5
12 26
34 35
50 31
33 37
19 14
28 19
46 50
5 21
20 26
34 11
3 24
32 20
39 43
18 27
31 33
9 7
41 45
27 42
31 41
6 9
29 49
50 33
3 26
2 5
17 24
47 37
7 19
13 28
7 47
29 33
39 39
33 37
31 32
24 10
20 11
11 31
13 1
26 13
19 17
43 29
16 35
6 39
19 24
20 20
2 25
13 48
37 43
26 48
9 19
31 1
31 28
30 41
3 45
13 6
34 23
8 5
44 1
24 13
34 14
40 45
43 36
28 2
1 31
49 5
5 9
37 29
21 35
29 18
23 26
48 41
46 9
11 5
19 41
6 35
29 3
40 45
48 23
5 17
21 49
7 3
31 25
11 45
13 4
29 39
31 37
47 26
33 28
20 8
44 1
5 25
21 24
47 44
12 19
19 3
6 32
8 25
22 38
41 20
10 36
24 19
47 43
20 21
30 29
31 42
18 23
46 36
29 39
9 44
47 41
24 27
3 2
41 34
5 24
11 32
2 15
7 35
7 48
26 28
19 36
8 7
44 37
27 5
49 22
14 37
13 45
48 40
25 17
43 40
21 29
43 3
39 23
22 49
29 45
30 48
6 47
35 39
44 49
22 13
49 42
38 38
27 13
30 37
26 1
29 22
24 49
23 24
24 13
9 44
41 2
1 39
27 48
48 35
50 20
13 20
9 48
13 50
38 35
37 42
13 14
14 17
40 38
2 36
29 16
17 11
49 22
19 17
4 27
49 19
38 3
2 11
13 48
32 14
7 50
15 20
38 19
9 28
13 28
45 10
20 44
15 13
32 20
47 35
3 35
39 47
7 42
39 42
8 19
21 22
41 14
35 35
15 29
8 43
2 29
22 2
16 24
43 36
21 47
31 41
37 23
17 21
13 46
14 5
27 22
35 36
21 19
49 19
13 37
15 6
9 15
40 37
22 25
21 34
25 44
19 4
26 13
8 35
39 40
11 24
9 17
36 48
16 31
17 34
42 29
45 34
20 2
28 34
19 41
37 49
4 43
8 5
39 29
21 17
42 29
46 31
28 3
35 33
18 46
26 4
37 11
13 22
7 6
48 40
40 25
20 34
38 45
26 27
45 28
7 46
26 37
39 4
38 6
1 23
28 7
18 26
47 14
19 32
23 5
29 17
2 15
9 48
24 42
19 34
29 19
7 27
32 7
12 47
21 21
28 14
41 49
12 47
30 39
43 31
49 2
16 21
19 50
43 25
10 44
14 12
40 41
47 20
16 22
42 10
25 37
35 21
19 15
3 48
28 48
2 45
17 28
30 17
43 35
31 22
35 3
45 44
16 25
46 41
2 31
19 39
12 26
42 5
3 32
30 44
40 32
10 31
49 8
45 39
12 42
46 25
18 47
21 40
32 33
16 18
8 35
12 34
39 19
1 3
46 43
24 32
14 37
44 33
23 12
5 38
14 35
33 50
41 32
16 3
22 24
8 33
19 29
50 19
23 9
1 2
33 18
6 24
7 46
9 2
39 31
15 14
15 3
36 49
1 8
31 3
38 22
3 41
11 6
14 2
3 34
3 14
37 37
34 11
12 45
26 42
7 2
6 42
41 24
31 43
46 43
17 13
5 35
40 19
20 16
1 5
18 24
10 5
15 6
3 45
38 26
30 30
23 47
20 35
28 15
8 2
14 25
9 24
42 21
38 48
4 13
38 38
42 21
28 49
43 9
36 32
13 32
28 15
50 36
50 47
50 27
3 7
32 16
36 11
10 25
39 23
12 13
35 26
24 5
13 14
46 18
50 49
13 8
43 27
26 14
42 45
1 27
42 44
4 35
9 27
1 13
25 48
25 12
17 9
25 49
18 29
29 20
29 19
46 44
7 22
18 23
49 49
44 18
4 41
19 48
12 13
12 22
33 39
49 36
36 1
32 23
44 4
22 10
5 23
46 19
43 12
12 13
32 44
36 5
4 36
48 4
25 18
8 11
46 10
10 6
31 32
37 43
5 24
46 10
31 9
22 41
3 23
16 33
40 35
20 1
7 45
14 19
29 33
44 21
27 26
9 6
48 7
30 45
7 2
13 28
18 37
11 34
19 23
9 29
29 8
4 30
50 37
22 18
38 28
5 17
22 16
24 14
10 22
25 6
33 16
4 37
21 2
26 15
43 39
48 34
13 23
12 3
20 12
41 35
1 10
25 46
11 25
46 49
4 20
38 22
9 38
39 41
7 31
21 15
50 1
24 20
22 15
26 37
21 44
3 19
16 21
45 29
29 26
45 42
14 34
23 34
25 24
6 12
28 33
34 28
47 29
43 7
43 20
15 21
39 15
35 19
50 4
29 32
25 28
14 25
9 38
13 36
49 35
17 20
47 28
7 50
8 45
15 49
19 2
16 31
50 9
12 3
34 49
28 42
17 10
50 41
27 27
11 12
32 25
3 27
29 28
25 9
9 36
38 41
21 30
38 5
7 22
20 2
43 42
2 48
40 11
37 1
14 16
43 47
26 45
25 45
5 4
41 49
39 15
44 30
35 9
31 32
35 41
35 2
1 27
38 36
38 41
8 26
25 1
46 50
46 50
5 22
20 2
17 45
25 10
20 10
43 11
3 2
4 27
6 37
22 6
48 45
20 9
12 6
7 44
45 7
28 3
4 49
46 49
8 22
32 20
32 29
31 26
5 34
21 36
41 10
4 44
5 39
46 25
19 16
24 2
4 15
14 3
1 10
31 9
30 10
40 14
40 11
44 20
5 46
5 16
12 48
36 10
34 16
33 33
34 4
19 6
10 40
49 34
42 12
21 31
47 23
33 12
32 36
33 28
46 38
35 37
48 7
24 22
6 31
37 6
13 40
29 7
40 22
33 29
9 33
5 5
16 5
42 39
16 49
37 24
12 13
19 23
47 9
42 44
49 2
43 28
34 13
34 21
49 25
7 16
22 10
14 11
49 38
36 8
31 16
29 24
49 45
3 49
45 47
48 46
23 43
8 41
13 8
32 41
9 12
21 38
50 30
19 36
43 48
16 7
32 26
22 46
46 30
26 24
20 40
33 26
18 44
4 40
32 32
43 35
25 40
22 15
3 24
22 42
48 47
22 37
34 30
11 43
19 29
19 39
16 40
35 3
44 35
16 38
23 25
17 11
25 49
22 40
31 29
26 43
31 31
12 49
44 14
43 22
12 14
3 13
15 27
13 39
27 8
32 29
39 1
49 50
39 15
44 20
15 22
2 19
17 47
13 13
36 12
25 5
19 50
28 27
18 33
40 41
19 44
44 23
25 7
21 44
13 13
36 16
34 29
26 37
1 3
14 38
44 39
38 39
17 12
46 15
7 34
29 35
9 25
33 24
17 33
48 6
21 32
12 33
20 7
9 37
26 22
10 24
14 19
32 49
14 31
16 27
13 22
47 47
20 22
4 31
36 39
20 1
34 7
15 31
20 5
26 23
48 45
16 36
36 12
44 47
26 49
21 11
7 38
9 19
49 27
15 15
17 37
45 36
18 50
6 9
33 39
34 32
19 30
41 1
49 4
5 36
47 24
12 27
47 3
31 22
36 47
33 45
32 5
4 27
35 2
40 12
45 19
49 25
25 15
20 41
27 24
47 24
2 25
27 10
34 48
45 10
4 21
25 29
6 38
39 31
42 42
11 28
3 36
50 11
1 29
2 19
45 29
3 1
12 46
46 32
41 45
16 42
20 46
35 42
22 27
19 23
3 13
50 31
41 5
33 49
20 41
22 37
39 16
13 26
7 50
45 8
1 49
47 12
3 23
49 31
6 27
39 19
49 8
14 39
39 39
32 48
34 10
25 5
30 22
24 38
47 39
37 20
33 48
20 35
16 35
11 20
39 21
30 2
42 37
28 43
40 32
42 9
13 26
49 18
7 44
32 24
43 4
3 21
5 25
12 24
43 22
42 24
25 31
18 23
15 18
50 45
5 7
34 43
12 19
14 34
8 19
22 46
16 50
27 24
47 22
44 38
11 41
22 37
10 36
5 41
35 24
32 4
48 41
11 17
1 10
28 24
21 8
9 1
26 36
8 35
22 24
14 1
37 35
22 35
25 48
22 26
32 11
3 5
22 29
40 13
39 24
31 17
17 9
47 41
28 42
15 6
8 49
33 29
15 44
44 6
32 40
2 15
21 13
43 5
19 44
17 33
1 7
18 49
40 18
11 14
19 17
17 28
8 26
21 2
7 24
13 14
30 40
2 17
21 3
46 45
29 39
48 13
11 29
48 15
30 2
18 9
38 48
25 37
40 47
20 45
11 46
36 35
1 42
44 39
35 21
11 40
2 13
42 10
24 14
16 39
49 3
2 35
21 38
34 26
23 10
8 6
40 33
24 45
33 42
12 20
9 18
32 24
34 12
25 25
16 9
14 40
25 16
4 15
43 47
9 39
44 17
1 16
10 35
26 26
45 44
13 39
15 3
14 45
19 50
8 39
30 34
50 23
40 4
3 5
45 32
50 11
26 41
25 50
25 37
30 3
43 20
24 43
39 7
6 38
28 9
43 14
38 7
13 44
50 27
10 15
25 44
34 9
8 2
40 9
13 33
4 19
13 5
12 27
16 3
12 17
32 43
2 6
49 22
48 14
30 48
41 8
16 4
7 27
35 24
8 46
16 49
3 13
39 31
35 16
33 7
49 46
1 16
37 50
15 1
48 37
44 44
49 41
17 11
34 5
2 3
1 43
7 20
2 5
21 48
4 36
32 5
22 2
4 34
35 11
47 18
12 32
24 40
50 10
17 42
44 36
30 20
39 46
1 37
34 40
26 21
25 37
40 9
42 46
6 43
11 26
10 4
43 24
33 35
27 45
32 1
21 20
16 13
1 9
1 18
38 34
22 28
36 14
11 14
6 29
7 19
22 18
43 16
2 17
11 28
28 28
50 44
6 48
9 15
34 9
44 11
38 23
36 16
31 25
3 46
14 38
6 11
26 38
4 50
27 28
7 16
9 5
4 6
22 16
24 14
24 5
27 20
37 11
37 14
10 17
4 40
50 25
12 11
11 28
7 15
30 37
41 15
21 40
8 47
10 42
49 33
2 34
46 25
39 38
4 33
24 50
26 10
20 25
4 38
4 30
19 10
27 36
27 11
7 47
40 34
19 17
2 38
15 22
10 47
29 5
6 15
26 2
27 31
18 46
27 30
42 24
9 45
8 20
16 37
21 14
32 7
47 41
12 33
32 11
17 23
38 10
14 22
2 15
10 42
23 22
47 39
35 16
35 5
41 42
6 2
9 13
5 39
22 5
17 17
39 5
14 33
4 28
43 29
20 7
30 4
42 45
10 26
32 27
20 45
48 25
39 25
14 6
12 44
10 37
41 28
12 50
30 6
