1000 50000
37 34
16 28
36 44
43 37
22 50
28 13
10 41
27 14
27 41
37 23
19 12
30 18
31 33
24 13
36 18
3 30
9 23
18 20
7 44
43 12
24 30
20 22
38 35
25 49
21 16
27 14
31 42
24 7
21 13
32 47
26 6
28 35
6 37
30 47
8 14
46 25
46 33
18 15
15 35
1 44
9 38
29 27
35 39
2 4
50 5
11 33
19 27
13 40
37 27
40 45
21 46
29 35
2 18
3 48
43 18
7 3
31 2
42 37
40 16
20 45
30 41
18 32
22 48
26 32
28 10
7 18
4 48
16 37
34 7
25 20
22 29
30 33
20 4
19 21
16 9
50 41
24 47
46 19
2 47
6 22
39 30
29 15
1 42
1 44
15 35
15 25
7 38
42 44
16 28
37 10
2 33
29 38
8 26
22 25
46 9
38 30
44 36
29 19
12 44
30 29
5 27
14 44
39 14
41 7
19 5
39 29
18 20
47 18
44 25
34 21
50 41
26 23
41 45
40 6
37 5
33 20
15 43
8 48
5 6
12 49
29 23
44 50
19 47
23 41
11 12
2 6
31 12
6 29
37 21
27 45
16 23
17 9
9 33
38 25
25 13
37 1
50 3
1 30
22 19
32 24
31 32
45 34
14 11
32 50
47 50
24 10
19 14
46 41
17 27
41 35
35 41
43 27
8 37
7 46
19 30
13 38
23 49
10 10
11 37
38 43
2 7
23 14
6 22
50 20
5 22
12 40
18 41
29 6
1 28
9 35
25 21
20 23
32 47
35 31
23 43
1 23
36 26
50 23
43 41
14 49
41 49
41 25
32 10
37 20
6 33
5 45
20 30
27 24
6 1
43 11
35 30
6 44
18 22
14 5
5 12
10 27
3 45
7 3
22 35
19 43
40 29
9 23
49 9
9 37
49 4
34 4
49 34
5 41
47 18
30 19
47 1
48 39
41 50
34 4
48 14
43 4
26 37
47 3
39 26
30 8
11 37
22 15
5 11
28 29
49 1
3 7
48 45
44 50
3 40
4 29
32 1
39 48
2 10
35 36
43 40
28 16
30 5
15 50
30 36
36 44
1 28
22 39
40 50
39 18
46 43
45 44
41 30
41 33
20 42
33 27
43 12
18 11
12 24
10 32
26 41
18 47
35 28
27 41
8 25
19 15
9 6
37 13
47 1
45 27
3 17
30 29
41 47
21 48
31 2
44 32
28 8
37 13
6 15
41 13
30 13
20 11
25 40
42 6
34 21
39 38
17 39
35 21
18 7
11 7
38 50
10 6
19 18
34 46
9 24
38 24
34 40
29 8
15 8
30 22
10 1
39 19
39 26
34 25
32 8
9 44
50 21
40 18
14 20
45 23
48 24
13 32
41 33
42 43
16 8
8 22
42 25
2 48
22 32
41 38
31 5
26 49
17 32
3 17
40 32
5 47
31 39
22 19
13 21
30 13
36 28
5 37
34 27
10 8
45 8
12 50
1 28
11 37
6 19
50 14
12 45
35 6
26 42
15 6
19 40
19 44
33 6
33 23
31 18
25 44
44 27
4 37
25 44
14 15
28 30
26 13
20 39
33 11
18 45
36 47
42 38
44 4
29 24
42 26
19 11
37 18
6 14
9 41
5 31
12 22
36 34
24 40
2 5
1 6
4 19
7 36
40 46
21 50
27 18
28 14
32 47
11 16
6 37
19 21
43 12
47 33
22 30
35 21
28 23
41 35
23 34
31 49
48 14
31 1
15 24
23 10
25 48
36 33
5 33
44 5
37 49
29 41
13 10
34 13
49 42
25 24
23 23
36 5
8 22
48 16
27 22
19 20
4 2
34 4
10 8
7 29
21 48
9 35
49 35
27 42
16 49
22 3
10 40
11 7
25 17
40 10
29 1
4 10
15 32
40 39
18 27
24 48
32 38
23 33
26 32
30 1
5 41
32 1
8 14
32 45
4 32
34 21
32 33
16 38
26 47
23 5
2 43
33 48
32 35
16 7
9 8
50 46
48 13
27 34
28 5
38 10
33 33
17 22
11 14
12 33
37 36
31 36
34 41
27 15
21 17
26 43
40 29
41 26
11 37
44 19
29 38
22 33
6 11
26 39
21 16
4 38
23 9
1 34
48 8
27 28
22 20
50 2
29 11
49 40
11 39
28 44
27 41
3 50
38 32
50 28
17 8
18 3
36 42
49 19
46 35
6 27
29 17
29 5
44 9
48 29
23 6
46 25
26 1
34 48
28 13
22 33
35 44
35 40
10 22
8 36
12 5
23 13
17 42
1 3
33 13
18 50
24 5
7 16
15 2
14 41
23 42
38 38
29 10
31 22
7 38
42 41
3 21
12 16
18 20
34 12
13 2
7 1
18 39
40 15
5 33
26 5
42 30
39 13
37 20
7 21
11 45
15 50
15 16
37 27
40 34
36 20
22 3
41 44
10 40
24 32
36 15
46 49
14 28
49 34
6 50
44 6
7 19
34 11
37 24
9 22
41 28
32 46
41 12
1 24
5 1
15 26
25 43
20 10
45 40
39 20
27 2
20 34
44 34
7 5
26 32
12 17
13 18
30 43
19 3
3 32
8 25
17 19
28 34
23 38
8 24
26 13
48 34
19 47
4 42
25 27
44 31
49 36
31 6
10 30
11 49
25 13
31 20
3 42
31 11
34 27
41 40
24 9
8 39
32 44
21 11
41 6
42 14
21 39
18 22
22 30
44 31
50 46
39 25
37 5
33 20
11 20
31 24
14 34
30 38
50 45
2 50
15 40
31 43
16 37
16 50
32 37
35 12
38 34
38 23
44 24
43 20
45 5
40 25
14 10
4 19
20 13
5 6
50 34
20 35
36 16
4 38
1 20
3 38
13 38
11 40
11 6
12 5
30 8
17 4
22 43
6 23
30 44
29 12
48 29
46 1
38 33
2 50
37 40
27 4
45 49
7 37
43 8
15 18
21 22
17 31
5 45
38 24
35 34
13 18
18 32
16 10
9 7
46 20
23 46
46 22
10 20
27 2
22 3
26 41
23 44
40 42
17 28
13 29
47 1
34 25
37 14
21 50
19 45
42 16
40 43
14 38
41 49
3 40
32 14
8 29
22 5
34 47
26 39
41 46
23 22
35 27
26 9
3 7
23 46
40 47
34 12
12 4
43 26
40 17
45 25
31 47
45 18
8 14
11 20
43 1
27 33
41 30
36 4
49 46
42 8
21 38
41 27
2 35
1 34
10 43
41 47
14 40
5 36
7 24
24 15
50 2
31 2
5 40
37 16
26 3
42 30
8 48
32 35
20 12
4 32
28 29
20 45
32 44
19 24
40 38
39 44
45 39
31 21
37 49
3 19
49 14
11 46
30 6
17 43
26 49
29 23
17 4
49 48
23 48
37 17
10 13
1 28
48 4
4 33
2 36
49 8
5 50
7 12
4 35
35 26
48 29
34 14
11 16
15 32
48 36
48 1
30 9
14 50
35 30
15 17
26 36
37 16
27 31
17 43
20 30
10 3
16 17
34 46
27 29
14 48
1 27
37 13
14 30
9 1
17 48
33 26
41 45
27 21
16 19
50 45
47 35
4 9
4 13
43 37
35 33
11 8
20 35
16 47
47 35
33 25
2 16
12 17
38 44
12 38
32 3
39 11
21 30
44 42
29 25
9 36
43 13
47 21
17 14
1 12
38 16
33 35
1 41
34 44
31 40
44 45
5 14
45 33
24 26
2 39
24 2
16 12
32 19
34 14
28 50
15 36
20 15
8 47
42 23
12 41
38 24
37 8
40 44
21 32
22 15
19 22
35 47
15 34
48 18
18 1
36 25
41 34
33 8
30 50
41 24
48 43
50 30
23 36
19 41
6 44
17 40
37 26
11 4
21 3
5 8
34 38
22 41
48 27
28 6
29 29
21 20
49 28
14 21
11 22
17 34
24 18
43 33
36 12
14 4
13 9
46 19
11 49
27 19
24 10
38 4
24 5
32 8
30 24
45 47
31 43
10 13
48 6
17 5
10 35
43 32
2 24
22 39
9 14
23 50
6 35
41 12
22 31
4 24
21 1
43 1
13 3
8 5
9 10
45 26
9 18
41 37
27 11
24 15
16 38
22 49
10 21
1 14
37 33
34 5
7 9
11 28
32 19
29 20
47 42
9 25
11 6
16 2
18 40
27 41
39 33
6 50
13 1
33 8
12 49
8 18
48 20
39 20
40 29
21 19
43 36
43 31
34 5
44 8
1 1
36 22
21 39
41 41
48 35
34 26
45 12
31 43
14 42
21 21
39 5
43 43
23 31
36 35
45 9
9 31
3 45
35 46
38 23
8 26
3 36
49 43
37 47
41 31
2 50
7 13
5 40
23 49
33 29
39 8
38 27
21 48
45 40
15 6
33 33
20 24
16 37
35 18
50 4
5 25
37 1
43 11
9 43
24 15
22 42
20 12
11 11
3 41
48 6
40 17
40 32
18 9
26 7
12 2
29 25
28 16
27 17
12 20
34 35
