100 1000
37 34
16 28
36 44
43 37
22 50
28 13
10 41
27 14
27 41
37 23
19 12
30 18
31 33
24 13
36 18
3 30
9 23
18 20
7 44
43 12
24 30
20 22
38 35
25 49
21 16
27 14
31 42
24 7
21 13
32 47
26 6
28 35
6 37
30 47
8 14
46 25
46 33
18 15
15 35
1 44
9 38
29 27
35 39
2 4
50 5
11 33
19 27
13 40
37 27
40 45
21 46
29 35
2 18
3 48
43 18
7 3
31 2
42 37
40 16
20 45
30 41
18 32
22 48
26 32
28 10
7 18
4 48
16 37
34 7
25 20
22 29
30 33
20 4
19 21
16 9
50 41
24 47
46 19
2 47
6 22
39 30
29 15
1 42
1 44
15 35
15 25
7 38
42 44
16 28
37 10
2 33
29 38
8 26
22 25
46 9
38 30
44 36
29 19
12 44
30 29
