500 5000
37 34
16 28
36 44
43 37
22 50
28 13
10 41
27 14
27 41
37 23
19 12
30 18
31 33
24 13
36 18
3 30
9 23
18 20
7 44
43 12
24 30
20 22
38 35
25 49
21 16
27 14
31 42
24 7
21 13
32 47
26 6
28 35
6 37
30 47
8 14
46 25
46 33
18 15
15 35
1 44
9 38
29 27
35 39
2 4
50 5
11 33
19 27
13 40
37 27
40 45
21 46
29 35
2 18
3 48
43 18
7 3
31 2
42 37
40 16
20 45
30 41
18 32
22 48
26 32
28 10
7 18
4 48
16 37
34 7
25 20
22 29
30 33
20 4
19 21
16 9
50 41
24 47
46 19
2 47
6 22
39 30
29 15
1 42
1 44
15 35
15 25
7 38
42 44
16 28
37 10
2 33
29 38
8 26
22 25
46 9
38 30
44 36
29 19
12 44
30 29
5 27
14 44
39 14
41 7
19 5
39 29
18 20
47 18
44 25
34 21
50 41
26 23
41 45
40 6
37 5
33 20
15 43
8 48
5 6
12 49
29 23
44 50
19 47
23 41
11 12
2 6
31 12
6 29
37 21
27 45
16 23
17 9
9 33
38 25
25 13
37 1
50 3
1 30
22 19
32 24
31 32
45 34
14 11
32 50
47 50
24 10
19 14
46 41
17 27
41 35
35 41
43 27
8 37
7 46
19 30
13 38
23 49
10 10
11 37
38 43
2 7
23 14
6 22
50 20
5 22
12 40
18 41
29 6
1 28
9 35
25 21
20 23
32 47
35 31
23 43
1 23
36 26
50 23
43 41
14 49
41 49
41 25
32 10
37 20
6 33
5 45
20 30
27 24
6 1
43 11
35 30
6 44
18 22
14 5
5 12
10 27
3 45
7 3
22 35
19 43
40 29
9 23
49 9
9 37
49 4
34 4
49 34
5 41
47 18
30 19
47 1
48 39
41 50
34 4
48 14
43 4
26 37
47 3
39 26
30 8
11 37
22 15
5 11
28 29
49 1
3 7
48 45
44 50
3 40
4 29
32 1
39 48
2 10
35 36
43 40
28 16
30 5
15 50
30 36
36 44
1 28
22 39
40 50
39 18
46 43
45 44
41 30
41 33
20 42
33 27
43 12
18 11
12 24
10 32
26 41
18 47
35 28
27 41
8 25
19 15
9 6
37 13
47 1
45 27
3 17
30 29
41 47
21 48
31 2
44 32
28 8
37 13
6 15
41 13
30 13
20 11
25 40
42 6
34 21
39 38
17 39
35 21
18 7
11 7
38 50
10 6
19 18
34 46
9 24
38 24
34 40
29 8
15 8
30 22
10 1
39 19
39 26
34 25
32 8
9 44
50 21
40 18
14 20
45 23
48 24
13 32
41 33
42 43
16 8
8 22
42 25
2 48
22 32
41 38
31 5
26 49
17 32
3 17
40 32
5 47
31 39
22 19
13 21
30 13
36 28
5 37
34 27
10 8
45 8
12 50
1 28
11 37
6 19
50 14
12 45
35 6
26 42
15 6
19 40
19 44
33 6
33 23
31 18
25 44
44 27
4 37
25 44
14 15
28 30
26 13
20 39
33 11
18 45
36 47
42 38
44 4
29 24
42 26
19 11
37 18
6 14
9 41
5 31
12 22
36 34
24 40
2 5
1 6
4 19
7 36
40 46
21 50
27 18
28 14
32 47
11 16
6 37
19 21
43 12
47 33
22 30
35 21
28 23
41 35
23 34
31 49
48 14
31 1
15 24
23 10
25 48
36 33
5 33
44 5
37 49
29 41
13 10
34 13
49 42
25 24
23 23
36 5
8 22
48 16
27 22
19 20
4 2
34 4
10 8
7 29
21 48
9 35
49 35
27 42
16 49
22 3
10 40
11 7
25 17
40 10
29 1
4 10
15 32
40 39
18 27
24 48
32 38
23 33
26 32
30 1
5 41
32 1
8 14
32 45
4 32
34 21
32 33
16 38
26 47
23 5
2 43
33 48
32 35
16 7
9 8
50 46
48 13
27 34
28 5
38 10
33 33
17 22
11 14
12 33
37 36
31 36
34 41
27 15
21 17
26 43
40 29
41 26
11 37
44 19
29 38
22 33
6 11
26 39
21 16
4 38
23 9
1 34
48 8
27 28
22 20
50 2
29 11
49 40
11 39
28 44
27 41
3 50
38 32
50 28
17 8
18 3
36 42
49 19
46 35
6 27
29 17
29 5
44 9
48 29
23 6
46 25
26 1
34 48
28 13
22 33
