1025 8078
1 62 6
1 363 7
1 441 8
1 463 5
1 551 1
1 580 5
1 897 9
2 131 2
2 356 1
2 393 8
2 455 4
2 713 5
2 736 4
2 771 8
2 791 6
2 884 7
2 925 10
2 1015 7
3 88 4
3 301 5
3 598 2
3 747 1
3 949 1
3 955 1
4 243 5
4 297 10
4 668 7
4 734 2
4 952 7
4 983 5
4 1017 3
5 85 3
5 496 3
5 594 2
5 639 7
5 661 5
5 759 8
5 791 7
5 838 7
5 941 1
5 1014 6
6 9 2
6 223 5
6 649 9
6 793 1
6 910 3
6 1001 7
7 114 2
7 364 9
7 571 10
7 693 9
7 769 10
7 787 3
7 907 1
8 417 2
8 450 7
8 752 2
8 831 10
8 867 9
8 964 8
9 45 5
9 93 3
9 690 10
9 793 9
9 897 7
9 997 8
10 10 4
10 99 4
10 295 4
10 422 2
10 589 4
10 678 2
10 961 5
10 991 1
11 41 10
11 57 5
11 127 3
11 242 7
11 266 8
11 357 1
11 392 8
11 470 6
11 726 3
12 115 10
12 170 8
12 713 4
12 927 7
12 932 9
13 59 4
13 93 7
13 501 7
13 507 10
13 829 1
13 921 8
14 49 8
14 720 7
14 781 6
15 92 1
15 268 1
15 296 1
15 315 4
15 325 6
15 413 2
15 414 8
15 826 6
15 848 4
16 176 4
16 416 10
16 471 2
16 690 2
17 98 1
17 110 9
17 156 9
17 667 5
18 176 1
18 245 7
18 484 8
18 521 9
18 668 5
18 818 3
18 936 5
18 949 1
18 997 2
19 51 5
19 128 1
19 216 2
19 389 2
19 441 6
19 546 4
19 967 4
20 278 8
20 437 8
20 540 1
20 618 2
20 642 5
20 959 9
21 41 7
21 67 9
21 118 8
21 417 8
21 512 2
21 690 10
21 960 8
22 45 10
22 126 4
22 194 8
22 462 8
22 473 4
22 772 6
22 817 3
22 869 6
22 932 10
23 531 5
23 540 10
23 603 7
23 898 5
24 37 1
24 191 10
24 489 2
24 552 4
24 647 5
24 744 10
24 810 1
24 915 5
25 515 3
25 620 8
25 721 5
25 888 9
25 910 6
26 56 3
26 145 6
26 595 7
26 844 2
26 964 3
27 38 8
27 124 8
27 131 3
27 204 6
27 246 1
27 409 8
27 534 10
27 735 8
27 822 10
27 865 4
28 7 9
28 72 6
28 236 1
28 629 1
28 766 7
28 914 2
28 942 5
28 984 1
29 128 3
29 165 7
29 332 7
29 437 5
29 670 6
29 924 2
29 952 5
29 967 1
30 32 4
30 44 2
30 71 9
30 328 7
30 329 7
30 340 9
30 428 6
30 474 9
30 677 6
30 779 8
30 848 6
30 886 5
30 996 8
30 1000 5
30 1014 8
31 233 6
31 473 2
31 575 10
31 883 7
31 888 8
32 78 2
32 328 3
32 391 8
32 566 6
32 589 9
32 613 7
32 698 3
32 836 7
32 915 8
33 31 7
33 58 9
33 142 3
33 309 9
33 316 8
33 397 1
33 702 7
33 814 8
33 848 7
33 890 5
34 115 3
34 137 4
34 299 2
34 418 7
34 441 1
34 600 7
34 604 6
34 782 9
34 852 10
34 949 6
34 951 5
35 213 8
35 253 9
35 343 9
35 374 7
35 404 4
35 574 7
35 722 3
35 741 6
35 788 5
35 813 2
35 912 3
35 995 4
36 131 6
36 176 3
36 226 3
36 228 7
36 372 9
36 559 10
36 638 5
36 814 5
36 893 4
36 908 10
37 188 6
37 293 10
37 401 3
37 448 4
37 476 7
37 645 1
37 758 4
37 864 2
37 873 7
38 38 3
38 329 2
38 430 5
38 610 1
38 681 6
38 824 3
39 46 6
39 157 1
39 168 8
39 287 7
39 311 5
39 341 1
39 487 5
39 719 7
39 779 3
39 787 1
39 805 7
39 867 4
39 900 5
39 955 3
40 159 7
40 290 6
40 296 9
40 339 8
40 348 8
40 366 4
40 403 4
40 877 8
40 922 9
40 935 8
41 34 4
41 106 1
41 353 9
41 750 10
41 805 2
41 925 4
42 4 3
42 75 7
42 130 7
42 362 10
42 628 5
42 716 1
42 782 2
42 988 9
43 7 10
43 260 4
43 307 1
43 360 8
43 431 7
43 634 7
44 166 1
44 185 3
44 195 3
44 363 1
44 418 10
44 594 10
44 678 4
44 754 5
44 813 10
44 824 3
44 885 2
44 925 5
44 965 5
45 61 3
45 92 5
45 274 8
45 445 8
45 591 7
45 613 6
45 749 4
45 1017 8
46 311 3
46 349 7
46 505 9
46 670 1
47 19 8
47 220 4
47 226 4
47 302 5
47 314 10
47 437 10
47 525 5
47 564 4
47 834 4
48 227 7
48 619 5
48 642 4
48 732 1
48 880 1
48 935 5
48 1009 5
49 293 3
49 349 9
49 411 1
49 602 7
49 619 3
49 922 1
49 971 4
49 997 1
50 154 6
50 419 10
50 436 8
50 507 10
50 750 6
50 893 8
50 972 1
51 178 3
51 287 1
51 294 6
51 380 7
51 396 2
51 403 5
51 783 4
51 892 7
52 19 1
52 98 10
52 194 3
52 278 4
52 681 2
52 705 4
52 716 8
52 753 8
52 840 8
52 925 8
53 277 1
53 280 4
53 447 1
53 501 1
53 726 9
53 742 3
53 839 8
53 884 8
54 15 1
54 159 8
54 361 3
54 441 10
54 804 10
54 873 5
54 901 1
55 91 5
55 110 4
55 143 4
55 271 1
55 507 9
55 542 1
55 660 1
55 661 10
55 1020 5
56 123 6
56 570 2
56 579 8
56 653 5
56 730 1
56 833 7
57 23 3
57 34 1
57 88 10
57 176 5
57 234 3
57 311 9
57 362 7
57 395 3
57 553 6
57 608 9
57 1018 10
58 20 1
58 85 1
58 370 1
58 455 7
58 486 3
58 981 7
58 996 10
59 18 6
59 163 9
59 188 10
59 198 8
59 580 10
59 612 10
59 640 3
59 798 7
60 15 3
60 79 2
60 146 4
60 212 3
60 235 9
60 236 8
60 311 6
60 533 10
60 538 4
60 608 10
61 378 8
61 726 2
61 862 2
62 95 6
62 176 1
62 230 3
62 261 8
62 502 3
62 536 3
62 646 4
62 766 5
62 794 9
62 934 6
62 963 10
62 964 8
63 31 5
63 322 10
63 363 9
63 369 4
63 822 2
63 833 7
63 889 6
63 960 5
63 966 10
64 81 1
64 88 3
64 123 9
64 127 6
64 130 3
64 309 2
64 310 5
64 441 2
64 733 4
65 57 9
65 95 9
65 229 6
65 278 1
65 330 6
65 444 8
65 591 4
65 766 10
65 1015 2
66 84 4
66 298 7
66 347 3
66 562 1
66 806 1
66 884 2
66 896 1
66 1014 7
67 63 5
67 134 8
67 223 2
67 244 10
67 397 9
67 479 4
67 501 2
67 522 8
67 956 1
67 1024 4
68 60 1
68 380 8
68 393 8
68 433 4
68 653 6
68 718 6
68 807 9
68 820 6
68 985 2
69 72 6
69 927 1
70 51 3
70 145 9
70 209 5
70 239 9
70 590 2
70 761 7
70 770 9
70 823 3
70 898 8
70 900 5
70 906 10
70 938 7
71 83 9
71 357 9
71 390 7
71 586 4
71 826 2
71 889 6
72 39 5
72 118 6
72 124 7
72 194 2
72 216 5
72 311 10
72 321 7
72 416 10
72 514 1
72 542 4
72 564 1
72 736 6
72 801 5
72 1025 3
73 21 7
73 218 9
73 375 1
73 535 8
73 561 7
73 728 2
73 873 2
73 976 4
73 1019 8
74 44 1
74 119 2
74 220 8
74 322 1
74 385 9
74 480 2
74 561 3
74 572 4
74 746 6
75 84 10
75 244 2
75 321 7
75 413 4
76 78 2
76 394 5
76 412 3
76 542 2
76 546 8
76 642 4
77 70 9
77 124 4
77 251 8
77 344 5
77 382 4
77 387 1
77 615 4
77 742 1
77 839 2
78 59 6
78 109 6
78 300 9
78 393 8
78 450 10
78 487 7
78 529 9
78 746 8
78 798 10
78 826 1
78 969 3
79 22 5
79 30 2
79 93 5
79 133 3
79 180 5
79 255 8
79 503 9
79 506 7
79 588 9
79 602 8
79 723 2
79 733 9
79 786 2
79 948 10
79 962 4
80 103 7
80 248 2
80 375 7
80 518 7
80 539 3
80 747 4
80 1018 5
81 242 3
81 381 4
81 716 4
81 736 1
81 882 2
81 935 3
82 36 10
82 314 4
82 320 5
82 562 6
82 596 5
82 658 1
82 866 8
82 868 9
82 928 8
83 108 8
83 114 7
83 216 8
83 302 6
83 532 1
83 710 9
84 34 9
84 193 10
84 220 2
84 379 5
84 699 3
84 895 10
85 38 4
85 385 5
85 706 6
85 776 10
85 839 9
85 844 9
85 878 3
85 927 10
86 32 2
86 115 7
86 252 9
86 330 5
86 538 3
86 746 7
86 881 1
86 1021 4
87 17 6
87 23 1
87 345 3
87 373 4
87 396 7
87 492 3
87 535 9
87 543 7
87 665 1
87 752 9
87 818 8
87 823 4
88 145 3
88 300 10
88 512 5
88 716 8
88 845 6
88 916 10
88 964 7
89 356 5
89 506 8
89 677 1
89 704 6
89 989 1
90 202 7
90 562 4
90 674 7
90 816 10
90 817 2
90 868 7
90 884 5
91 135 8
91 219 7
91 247 7
91 341 1
91 541 6
91 772 1
91 862 1
92 41 4
92 50 1
92 58 9
92 557 4
92 668 4
92 759 3
92 871 5
93 41 9
93 140 3
93 359 1
93 417 10
93 476 9
93 628 7
93 701 10
93 736 2
93 899 2
93 903 10
93 940 8
93 1018 7
94 23 7
94 135 9
94 195 9
94 298 3
94 306 3
94 493 8
94 597 2
94 858 2
94 880 8
94 912 9
95 120 2
95 217 10
95 298 2
95 554 3
95 573 10
95 592 7
95 620 8
95 640 4
95 756 2
95 970 6
96 118 6
96 220 4
96 277 6
96 307 7
96 321 2
96 862 5
96 915 8
97 14 3
97 99 4
97 246 7
97 288 1
97 398 2
97 456 6
97 466 1
97 574 5
97 599 10
97 608 8
97 680 8
97 865 1
97 881 7
97 898 6
98 166 3
98 178 8
98 242 9
98 333 7
98 440 7
98 669 6
98 876 4
98 982 1
98 992 9
98 1007 10
98 1011 6
99 64 2
99 115 7
99 199 4
99 433 3
99 543 3
99 687 1
99 872 7
99 897 6
100 18 10
100 61 9
100 96 8
100 110 5
100 728 10
100 841 4
100 935 4
101 30 9
101 164 3
101 246 7
101 348 6
101 418 8
101 487 9
101 661 3
101 859 8
101 888 5
102 105 2
102 148 3
102 450 10
102 631 2
102 713 3
102 794 9
102 1005 9
102 1011 4
103 138 7
103 213 3
103 346 8
103 874 9
104 154 5
104 167 6
104 195 7
104 230 4
104 418 5
104 450 6
104 800 10
105 53 6
105 71 9
105 304 6
105 463 4
105 565 3
105 737 2
105 741 1
105 914 2
105 947 2
106 69 6
106 164 9
106 175 8
106 186 7
106 391 4
106 394 7
106 489 10
106 497 6
106 598 8
106 607 10
106 613 2
106 654 4
106 864 2
106 891 9
107 40 3
107 126 9
107 214 5
107 730 9
107 867 2
107 999 1
107 1000 4
108 58 4
108 210 6
108 879 4
108 905 9
108 958 1
108 1011 6
109 117 10
109 126 2
109 147 9
109 241 1
109 264 7
109 310 7
109 576 10
109 876 5
109 960 10
110 158 6
110 210 6
110 467 8
110 692 3
110 732 5
111 96 9
111 449 7
111 537 9
111 660 7
111 858 1
111 875 7
111 972 3
112 53 9
112 170 10
112 209 3
112 417 4
112 449 3
112 568 10
112 637 9
112 752 1
112 771 1
112 772 6
112 812 2
113 135 4
113 258 4
113 325 4
113 491 2
113 590 10
113 925 3
114 149 6
114 290 2
114 306 9
114 389 1
114 404 9
114 710 1
114 926 7
114 989 9
114 1024 9
115 334 5
115 769 5
115 885 9
115 952 1
115 998 10
116 19 9
116 154 1
116 156 4
116 387 4
116 394 5
116 509 6
116 520 2
116 582 6
117 802 6
117 813 7
117 958 9
118 27 9
118 68 2
118 162 3
118 339 10
118 550 4
118 575 5
118 620 7
118 739 7
118 741 3
118 847 9
118 912 7
118 1024 6
119 309 5
119 534 5
119 537 6
119 550 10
119 660 1
120 940 5
121 358 2
121 383 10
121 481 5
121 687 4
121 727 6
121 730 9
121 840 9
122 37 1
122 127 10
122 165 6
122 193 8
122 280 9
122 457 4
122 516 6
122 860 2
122 868 6
122 894 7
122 944 5
122 996 3
123 133 5
123 456 3
123 461 7
123 495 3
123 686 9
123 841 2
123 1018 9
124 86 3
124 251 8
124 263 10
124 286 4
124 480 4
124 782 2
124 1007 5
125 57 8
125 484 7
125 500 10
125 679 6
125 788 5
125 860 2
125 943 8
125 991 2
125 999 9
126 147 8
126 257 8
126 465 6
126 476 9
126 573 5
126 740 4
126 801 6
126 811 7
126 962 8
127 62 8
127 71 4
127 199 2
127 241 9
127 248 7
127 311 1
127 828 1
127 1015 6
128 315 10
128 336 6
128 692 9
128 928 1
128 976 1
129 101 9
129 193 8
129 201 2
129 215 6
129 326 4
129 367 6
129 453 5
129 461 8
129 626 4
129 667 2
129 737 5
129 1021 10
130 50 3
130 52 9
130 306 3
130 781 10
130 793 8
130 822 3
130 847 9
130 942 1
130 945 4
130 955 7
130 971 7
131 319 4
131 337 10
131 419 5
131 861 4
131 863 5
131 866 3
132 321 6
132 1008 7
133 485 3
133 1017 5
134 4 1
134 112 9
134 173 1
134 334 6
134 542 3
134 629 10
134 731 9
134 841 7
134 845 4
135 78 10
135 290 1
135 348 4
135 389 3
135 395 10
135 441 1
136 304 7
136 649 10
136 725 1
136 873 10
136 949 7
137 180 10
137 249 4
137 331 6
137 393 6
137 639 9
137 674 2
137 750 8
137 814 6
137 940 9
137 1002 3
138 7 3
138 134 9
138 399 1
138 501 5
138 718 4
138 728 5
138 856 4
138 915 4
139 140 3
139 485 7
139 564 4
140 76 3
140 81 2
140 97 8
140 122 4
140 170 3
140 307 4
140 322 4
140 327 5
140 335 3
140 360 2
140 442 6
140 539 8
140 886 9
140 915 1
141 102 8
141 278 10
141 457 1
141 578 4
141 734 8
141 887 3
142 35 8
142 149 8
142 563 5
142 805 2
142 949 3
143 179 9
143 251 5
143 294 7
143 657 2
143 788 3
143 1011 2
144 236 6
144 821 4
145 1 9
145 240 10
145 253 8
145 400 2
145 518 5
145 609 3
145 613 6
145 651 6
145 673 8
145 874 4
145 993 4
146 80 1
146 370 3
146 412 5
146 592 1
146 899 6
147 201 5
147 267 3
147 368 3
147 401 2
147 442 7
147 539 6
147 629 7
147 632 7
147 688 2
147 731 3
147 757 10
147 763 4
147 876 4
147 902 6
147 967 10
148 55 4
148 106 7
148 195 7
148 645 5
148 736 1
148 800 1
148 818 2
149 189 6
149 397 1
149 758 7
149 856 1
150 29 1
150 201 10
150 390 5
150 540 1
150 554 7
150 651 1
150 671 5
150 866 2
151 51 3
151 89 1
151 256 7
151 269 9
151 363 9
151 580 9
151 740 3
151 767 9
151 959 4
151 1008 8
152 98 4
152 102 3
152 278 1
152 602 10
153 139 2
153 536 7
153 972 2
154 45 2
154 187 8
154 213 9
154 237 4
154 334 5
154 801 9
155 145 4
155 730 6
155 742 5
155 848 6
156 333 2
156 757 6
156 910 10
157 41 3
157 150 10
157 205 2
157 349 10
157 975 10
158 83 1
158 339 10
158 562 4
158 621 9
158 630 3
158 830 1
158 841 4
159 171 8
159 239 1
159 535 5
159 581 1
159 709 7
159 727 6
159 917 4
159 923 4
160 517 4
160 783 8
160 863 10
161 155 4
161 468 3
161 514 7
161 544 10
161 567 9
161 708 9
161 749 7
161 990 8
162 55 3
162 127 6
162 204 10
162 330 4
162 437 7
162 587 2
162 594 3
162 721 10
162 845 10
163 8 8
163 87 2
163 92 5
163 95 7
163 129 2
163 427 9
163 442 9
163 454 10
163 812 4
163 837 2
164 170 6
164 301 7
164 343 1
164 509 5
164 554 2
164 598 4
164 857 4
165 122 1
165 268 4
165 600 2
165 734 8
165 875 1
165 888 4
165 953 5
165 999 2
166 167 8
166 414 4
166 496 3
166 577 2
166 926 5
166 939 4
167 119 1
167 135 7
167 310 8
167 325 7
167 455 8
167 629 6
167 637 5
167 697 10
167 737 1
167 1019 9
168 183 5
168 188 9
168 473 9
168 840 9
168 992 10
169 508 4
169 804 2
170 66 3
170 106 7
170 157 5
170 270 10
170 949 10
171 295 1
171 430 6
171 499 3
171 674 10
171 981 9
172 32 8
172 57 1
172 80 4
172 359 1
172 456 2
172 608 10
172 639 1
172 711 10
172 792 9
172 820 8
172 855 5
173 5 8
173 252 9
173 305 5
173 552 2
173 610 7
173 687 5
173 874 3
174 215 9
174 289 1
174 427 6
174 581 1
174 703 9
174 721 3
174 978 10
175 36 8
175 55 3
175 243 7
175 269 3
175 358 2
175 783 6
175 820 10
175 891 4
176 46 1
176 152 2
176 244 5
176 293 10
176 575 2
176 606 5
176 831 10
177 102 10
177 214 1
177 292 10
177 395 10
177 405 7
177 631 3
177 757 6
177 1024 1
178 17 7
178 37 4
178 135 1
178 253 5
178 299 4
178 338 10
178 467 7
178 480 5
178 579 9
178 897 1
178 938 2
179 68 1
179 126 2
179 320 9
179 419 2
179 443 5
179 706 9
179 986 4
180 122 2
180 258 10
180 271 5
180 409 8
180 443 1
180 623 6
180 742 8
180 766 10
180 1012 5
180 1022 4
181 3 5
181 143 3
181 170 6
181 252 1
181 335 8
181 427 9
181 528 5
181 653 4
181 885 10
181 900 3
181 1001 8
182 270 10
182 496 3
182 680 1
182 696 1
183 19 6
183 77 1
183 324 4
183 403 1
183 409 9
183 512 7
183 513 4
183 562 8
183 822 4
183 867 1
183 875 1
183 930 9
184 83 10
184 330 10
184 512 6
184 515 3
184 549 6
184 875 8
184 955 10
185 10 7
185 75 5
185 180 8
185 273 3
185 287 8
185 341 9
185 644 6
185 673 8
185 771 9
185 952 10
185 972 10
186 88 1
186 258 6
186 267 1
186 323 4
186 417 8
186 477 1
186 896 1
186 926 1
186 966 1
187 16 6
187 89 3
187 184 1
187 208 4
187 570 2
187 869 2
187 964 1
188 20 6
188 219 8
188 408 8
188 428 5
188 444 6
188 568 5
188 756 5
189 26 8
189 65 4
189 66 3
189 78 5
189 102 1
189 430 3
189 788 7
189 943 3
189 985 3
189 989 2
189 1009 3
190 118 7
190 353 1
190 423 3
190 564 9
190 647 1
190 655 3
190 951 4
191 90 5
191 151 3
191 194 9
191 362 6
191 395 5
191 416 10
191 704 1
191 728 4
192 79 9
192 136 5
192 173 9
192 175 3
192 586 1
192 760 8
192 853 7
192 950 6
192 962 5
193 59 9
193 76 8
193 77 1
193 145 1
193 199 1
193 342 4
193 378 3
193 383 9
193 459 4
193 610 8
194 101 9
194 174 6
194 281 10
194 458 4
194 973 10
194 979 5
195 40 2
195 60 5
195 270 1
195 272 3
195 280 7
195 343 4
195 416 2
196 56 1
196 187 4
196 190 4
196 452 4
196 564 3
196 624 2
196 744 9
196 858 7
196 926 1
197 454 6
197 542 9
197 648 1
197 654 8
197 696 2
197 731 6
198 103 8
198 144 7
198 173 3
198 194 8
198 242 4
198 289 4
198 943 1
199 45 5
199 378 8
199 413 5
199 481 1
199 715 10
199 892 7
200 33 7
200 210 5
200 351 10
200 430 10
200 478 8
200 716 6
200 996 3
200 1011 1
201 168 7
201 306 1
201 369 9
201 531 9
201 602 8
201 886 8
202 8 10
202 138 6
202 179 1
202 215 5
202 362 5
202 378 10
202 501 9
202 670 3
202 807 3
202 876 2
202 885 3
202 886 8
202 956 2
203 258 9
203 501 8
203 562 1
203 684 8
203 737 5
203 792 6
203 840 7
203 922 4
203 928 5
204 71 4
204 211 8
204 262 7
204 475 3
204 584 8
204 721 6
205 314 1
205 343 5
205 366 5
205 464 2
205 468 2
205 681 7
205 804 6
205 864 7
205 876 6
205 895 4
205 987 1
205 1010 1
206 115 8
206 140 5
206 237 8
206 446 9
206 542 4
206 644 7
206 748 9
206 763 3
207 1 3
207 147 6
207 228 1
207 278 8
207 314 1
207 318 5
207 967 5
208 156 9
208 521 9
208 822 4
209 213 6
209 487 9
209 605 9
209 618 10
209 702 1
209 739 2
209 779 9
209 844 8
209 855 10
209 922 4
210 51 2
210 114 2
210 235 4
210 247 1
210 484 7
210 495 3
210 591 9
210 599 2
210 855 2
210 1018 7
211 43 4
211 83 4
211 554 3
211 583 6
211 861 4
211 1009 5
212 41 10
212 64 8
212 168 3
212 206 8
212 402 2
212 678 1
212 718 9
212 823 2
212 991 2
212 1011 9
213 11 5
213 26 10
213 493 6
213 502 5
213 528 6
213 538 9
213 646 6
213 819 1
213 912 9
214 421 4
214 566 4
214 907 7
215 39 5
215 63 7
215 360 6
215 371 10
215 495 10
215 710 10
215 796 6
215 939 3
216 48 6
216 211 7
216 407 3
216 623 10
216 630 7
216 719 4
216 799 10
216 890 5
217 250 7
217 255 2
217 820 5
217 872 1
217 876 1
218 208 2
218 266 7
218 345 8
218 400 1
218 518 3
218 570 9
218 597 1
218 602 8
218 609 4
218 989 10
219 43 3
219 191 10
219 516 7
219 941 4
219 1013 9
220 14 6
220 234 9
220 380 4
220 403 3
220 541 8
220 588 6
220 607 2
220 816 4
220 847 1
220 868 2
220 981 10
221 18 9
221 339 5
221 454 4
221 529 9
221 638 7
221 674 5
221 902 8
221 926 5
221 1000 7
221 1024 10
222 34 3
222 419 10
222 426 9
222 488 6
222 810 1
222 823 1
222 940 5
222 945 7
223 233 5
223 473 5
223 564 4
223 566 5
223 589 10
223 775 6
223 834 2
223 1017 7
224 60 7
224 66 5
224 68 9
224 381 10
224 451 4
224 572 7
225 27 4
225 32 9
225 35 8
225 113 1
225 264 4
225 304 5
225 414 5
225 449 2
225 501 6
225 535 9
225 767 1
225 976 4
225 1007 4
226 18 1
226 258 5
226 370 10
226 380 7
226 455 1
226 774 6
226 811 2
226 846 7
227 131 6
227 162 7
227 188 9
227 290 2
227 527 4
227 707 5
227 960 1
228 30 3
228 42 1
228 132 7
228 217 7
228 302 9
228 389 6
228 907 9
229 76 4
229 471 10
229 565 5
229 789 6
229 818 5
229 981 3
229 1009 8
230 5 9
230 35 8
230 43 9
230 69 5
230 499 7
230 725 7
230 1011 5
231 598 4
231 717 1
231 729 1
231 808 9
231 841 7
231 1017 1
232 85 3
232 180 2
232 193 6
232 256 3
232 374 5
232 642 8
232 750 1
232 861 3
233 308 6
233 390 7
233 462 3
233 956 2
233 959 6
233 967 7
233 972 7
233 1018 3
234 14 9
234 168 6
234 189 1
234 240 6
234 323 6
234 335 5
234 458 4
234 575 3
234 864 1
234 878 9
235 77 5
235 378 3
235 476 8
235 760 1
235 844 4
236 125 10
236 170 3
236 421 1
236 448 4
236 670 9
237 370 8
237 429 6
237 448 3
237 471 5
237 599 4
237 856 5
237 865 6
238 77 10
238 257 3
238 361 4
238 667 4
238 682 1
238 731 10
238 748 4
238 977 8
239 25 5
239 94 10
239 114 3
239 252 9
239 335 10
239 413 1
239 424 3
239 523 4
239 838 10
240 322 6
240 335 7
240 440 1
240 500 8
240 601 9
240 686 4
240 749 8
241 352 8
241 384 2
241 504 2
241 856 5
241 873 5
241 997 6
242 195 2
242 219 6
242 376 8
242 528 6
242 621 9
242 703 10
242 725 7
242 763 2
242 772 7
242 865 1
242 909 1
243 53 1
243 81 2
243 136 2
243 259 1
243 356 4
243 551 6
243 674 3
243 1004 1
244 64 4
244 228 3
244 283 8
244 505 5
244 507 9
244 521 7
244 530 2
244 759 10
244 851 8
244 873 8
245 38 6
245 304 5
245 323 10
245 403 2
245 552 4
245 576 7
245 606 10
245 632 3
245 635 3
245 805 4
245 1006 1
246 26 5
246 34 6
246 179 3
246 387 6
246 504 8
246 567 6
246 674 2
246 765 5
246 768 8
246 998 2
246 1010 8
247 3 10
247 45 2
247 256 2
247 267 10
247 458 8
247 459 6
247 594 1
247 666 8
247 889 5
247 962 7
247 976 2
247 994 4
248 5 8
248 250 6
248 305 2
248 338 9
248 342 10
248 400 4
248 406 2
248 467 3
248 488 9
248 944 10
248 962 5
249 37 6
249 182 7
249 191 10
249 445 7
249 653 3
249 753 7
249 996 1
250 5 10
250 118 9
250 158 2
250 247 4
250 501 8
250 660 1
250 834 9
250 858 1
250 881 8
250 964 3
250 971 7
251 309 10
251 412 9
251 431 6
251 439 7
251 473 10
251 589 4
251 893 8
251 898 6
251 1001 8
251 1018 10
252 295 4
252 304 9
252 330 5
252 470 1
252 538 7
252 577 4
252 610 10
252 907 9
252 917 3
252 999 10
253 36 8
253 65 1
253 107 1
253 141 1
253 183 10
253 264 1
253 320 1
253 338 10
253 501 9
253 530 4
253 658 8
253 717 10
253 741 4
254 156 3
254 162 8
254 201 3
254 291 9
254 401 5
254 549 8
255 21 8
255 89 5
255 128 3
255 220 6
255 430 1
255 542 6
255 746 2
256 84 4
256 116 5
256 214 2
256 296 8
256 325 4
256 534 9
256 618 10
256 659 6
256 671 2
256 755 10
256 790 6
256 904 2
256 941 1
257 31 6
257 75 7
257 156 9
257 261 7
257 286 10
257 378 3
257 581 4
257 585 5
257 597 3
257 757 9
257 788 4
257 799 10
257 885 5
257 887 9
258 215 7
258 630 5
258 717 4
258 756 10
258 819 10
258 855 8
258 979 1
258 1005 8
259 272 3
259 274 2
259 323 7
259 520 8
259 564 3
259 701 8
259 793 5
259 832 4
259 957 1
259 1023 1
260 398 3
260 546 1
260 920 7
260 1020 2
261 51 3
261 57 3
261 193 8
261 350 8
261 385 3
261 391 2
261 433 7
261 598 7
261 618 10
261 626 6
261 671 3
261 686 3
261 941 7
261 954 4
262 98 2
262 438 8
262 911 3
263 330 4
263 386 1
263 413 2
263 574 3
263 576 3
263 635 9
263 677 7
263 708 8
263 840 9
263 892 9
263 960 10
263 1015 9
264 2 8
264 73 4
264 134 4
264 309 10
264 466 1
264 608 1
264 725 2
264 925 4
264 942 9
265 31 10
265 140 5
265 183 6
265 214 4
265 221 7
265 264 3
265 462 7
265 494 10
265 511 2
265 522 10
265 523 5
265 554 2
265 613 1
265 660 7
265 966 4
266 48 1
266 64 6
266 278 3
266 293 2
266 321 4
266 463 3
266 522 2
266 609 1
266 825 8
266 889 5
266 981 2
266 1004 10
267 12 7
267 14 5
267 56 4
267 270 8
267 604 6
267 706 8
267 808 3
268 290 9
268 372 7
268 402 7
268 441 8
268 665 8
268 740 8
268 748 9
268 783 3
268 854 1
269 246 1
269 370 1
269 422 6
269 447 1
269 498 6
269 505 9
269 586 2
269 728 2
269 1015 3
269 1016 6
270 27 4
270 128 10
270 250 2
270 262 8
270 286 1
270 451 9
270 899 2
270 959 4
271 39 8
271 119 10
271 219 4
271 257 10
271 683 8
271 781 10
271 782 9
271 885 7
272 383 7
272 550 6
272 554 5
272 742 1
272 889 9
272 922 7
273 34 2
273 102 4
273 124 8
273 222 9
273 265 4
273 428 1
273 430 2
273 460 6
273 461 6
273 590 8
273 646 7
273 941 10
274 109 5
274 328 8
275 285 8
275 421 6
275 627 3
275 661 5
275 704 5
275 752 6
275 819 6
275 970 5
275 988 7
275 996 4
275 997 3
276 233 4
276 319 2
276 522 10
276 665 6
276 696 10
276 728 6
276 767 9
276 786 5
276 803 5
276 822 10
277 103 9
277 113 8
277 380 1
277 389 6
277 391 5
277 651 8
277 897 5
277 926 4
278 244 2
278 305 4
278 546 3
278 764 10
279 2 6
279 217 7
279 266 6
279 500 2
279 905 5
279 966 2
279 976 10
280 33 10
280 200 7
280 459 3
280 496 3
280 507 6
280 620 1
280 622 4
280 826 3
280 834 9
280 862 9
280 996 8
281 648 8
281 662 9
281 902 5
281 976 1
282 207 6
282 334 9
282 401 8
282 508 10
282 709 5
282 742 2
282 776 3
282 828 7
282 1021 3
283 204 1
283 299 6
283 479 8
283 508 4
283 965 10
284 52 2
284 365 3
284 528 1
284 601 8
284 748 8
284 938 4
285 209 5
285 371 8
285 925 7
285 995 7
285 1018 6
286 90 7
286 131 4
286 165 6
286 266 5
286 619 10
286 688 6
286 690 3
286 701 1
286 776 5
286 960 2
286 1013 5
287 180 6
287 295 7
287 314 1
287 360 8
287 397 7
287 448 6
287 794 8
288 9 10
288 171 7
288 234 9
288 628 4
288 783 8
288 795 8
288 950 1
289 288 1
289 502 2
290 461 8
290 487 9
290 634 8
290 831 6
290 912 6
291 55 4
291 110 3
291 361 2
291 507 3
291 772 8
292 198 4
292 284 3
292 293 4
292 390 8
292 396 7
292 463 10
292 464 4
292 569 8
292 596 9
292 602 2
292 627 5
292 845 8
292 892 3
292 1010 2
293 18 6
293 132 6
293 216 9
293 473 5
293 522 7
293 556 1
293 922 6
293 934 6
294 35 9
294 105 4
294 125 3
294 541 4
294 649 7
294 761 5
294 924 8
295 46 1
295 232 4
295 364 1
295 448 4
295 483 8
295 620 8
295 993 2
295 1011 9
296 76 3
296 116 1
296 121 9
296 151 4
296 169 6
296 188 7
296 214 6
296 258 7
296 430 4
296 494 2
296 676 7
296 857 9
297 16 10
297 71 7
297 143 6
297 283 5
297 563 5
297 716 9
297 932 10
298 30 1
298 67 7
298 243 6
298 284 8
298 305 8
298 380 10
298 479 10
298 571 3
298 593 9
298 768 10
298 855 4
298 859 9
298 900 2
298 917 7
298 919 7
299 29 6
299 363 2
299 413 5
299 496 1
299 532 10
299 749 9
300 23 4
300 334 6
300 458 9
300 515 3
300 611 4
300 656 4
300 773 10
300 915 10
301 209 5
301 231 1
301 322 2
301 524 3
301 645 6
301 651 1
301 810 2
301 829 7
301 919 1
302 249 4
302 371 5
302 466 10
302 577 10
302 623 3
303 69 3
303 275 6
303 323 2
303 655 8
303 757 7
303 879 6
303 1020 1
304 240 8
304 411 6
304 515 6
304 895 5
305 139 6
305 292 9
305 497 10
305 529 2
305 565 10
305 746 9
306 383 6
306 552 10
306 726 1
307 202 8
307 272 7
307 405 3
307 575 10
307 592 4
307 763 5
307 766 5
307 808 8
307 982 6
308 247 4
308 486 3
308 554 9
308 830 9
309 100 4
309 119 8
309 276 7
309 810 1
309 823 8
310 116 6
310 149 9
310 184 4
310 222 10
310 343 4
310 437 4
310 499 9
310 584 5
310 624 5
310 640 10
310 665 2
310 759 6
310 863 2
311 88 2
311 138 2
311 165 4
311 287 1
311 400 5
311 442 9
311 451 7
311 534 3
311 548 4
311 572 1
311 943 7
311 989 2
312 155 1
312 183 2
312 254 10
312 367 10
312 371 4
312 695 9
312 731 5
313 130 2
313 168 4
313 431 7
313 812 6
313 906 9
313 908 7
313 995 2
314 1 3
314 105 6
314 152 4
314 178 8
314 401 9
314 501 5
314 531 10
315 217 3
315 692 7
315 746 6
315 839 3
315 866 3
315 891 10
315 996 6
316 46 5
316 373 6
316 541 10
316 778 8
316 797 9
316 845 1
316 903 7
316 964 3
317 62 1
317 108 3
317 150 4
317 161 5
317 231 1
317 495 1
317 753 3
317 819 8
317 851 3
317 868 8
317 945 5
318 130 8
318 279 7
318 346 4
318 351 2
318 613 8
318 1013 8
319 18 10
319 67 4
319 374 10
319 423 2
319 482 3
319 531 7
319 650 9
319 684 1
319 709 6
319 712 6
319 990 9
320 20 8
320 214 4
320 223 1
320 305 9
320 360 8
320 547 7
320 549 5
320 860 9
320 885 7
320 910 7
320 1016 8
320 1024 1
321 87 6
321 92 2
321 289 10
321 314 3
321 524 7
321 577 1
321 914 2
321 927 4
322 10 2
322 90 5
322 130 5
322 159 6
322 404 8
322 466 2
322 488 4
322 584 8
322 646 7
322 779 1
322 913 8
322 926 5
323 159 4
323 243 9
323 303 5
323 405 1
323 512 5
323 513 9
323 697 1
323 750 3
323 765 7
323 831 8
323 832 6
324 381 3
324 660 2
324 861 5
324 886 7
325 5 8
325 10 8
325 33 8
325 167 4
325 521 9
325 650 5
325 672 8
325 708 4
325 716 2
325 828 9
326 264 9
326 480 1
326 502 8
326 700 9
326 961 8
327 44 4
327 266 4
327 585 8
327 956 8
328 263 5
328 382 4
328 513 8
328 528 7
328 671 7
329 52 4
329 372 5
329 378 4
329 536 8
329 757 8
329 782 8
329 961 6
330 132 5
330 208 7
330 285 6
330 386 10
330 434 8
330 501 10
330 618 8
330 719 3
330 760 3
330 850 8
330 906 2
330 997 3
331 287 5
331 404 10
331 456 2
331 529 10
331 535 4
331 550 10
331 566 9
331 584 10
331 686 3
331 911 6
331 982 8
332 458 1
332 494 2
332 664 2
332 807 4
332 840 9
333 81 9
333 282 4
333 297 5
333 575 6
333 601 2
334 79 2
334 139 5
334 426 9
334 519 1
334 625 4
334 820 2
334 833 3
334 870 2
335 96 3
335 150 7
335 153 8
335 347 4
335 811 10
335 875 10
335 929 9
335 955 9
335 967 8
335 976 10
335 999 4
336 37 4
336 179 8
336 208 6
336 220 5
336 367 1
336 444 10
336 495 5
336 521 10
336 593 5
336 839 1
336 869 7
336 878 8
337 24 2
337 25 3
337 33 7
337 185 2
337 324 7
337 469 10
337 511 6
337 543 10
337 926 4
338 163 2
338 176 9
338 302 7
338 582 2
338 622 8
338 669 8
338 978 2
339 260 6
339 476 7
339 526 7
339 957 1
339 1012 4
340 154 3
340 265 5
340 346 7
340 635 4
340 717 1
340 727 6
340 753 8
340 771 2
340 793 4
341 27 5
341 126 3
342 75 6
342 219 3
342 346 7
342 455 4
342 458 2
342 766 2
342 1011 3
343 54 5
343 69 6
343 439 2
343 712 4
343 732 9
344 78 1
344 172 1
344 224 2
344 286 6
344 304 9
344 529 9
344 574 6
344 834 5
344 994 1
345 61 2
345 425 1
345 624 4
345 901 5
345 938 8
346 273 3
346 275 6
346 336 1
346 411 7
346 772 10
346 891 8
346 957 2
347 86 6
347 104 2
347 128 3
347 343 10
347 556 4
347 659 10
347 699 5
347 883 7
348 198 3
348 440 5
348 461 8
348 463 5
348 926 6
348 942 5
349 92 3
349 144 4
349 155 3
349 157 7
349 175 6
349 510 6
349 923 7
350 700 9
350 802 10
351 11 6
351 50 1
351 206 5
351 254 6
351 350 10
351 430 5
351 470 6
351 534 1
351 740 2
351 819 7
351 925 3
351 979 1
352 135 2
352 258 4
352 474 7
352 499 1
352 531 6
352 622 1
352 805 8
352 897 10
353 184 9
353 330 4
353 490 5
353 774 4
353 923 6
353 1015 1
354 53 10
354 93 2
354 191 10
354 212 8
354 724 1
354 942 5
355 55 1
355 126 8
355 142 3
355 277 10
355 295 4
355 941 8
355 984 2
356 56 7
356 247 6
356 331 4
356 407 8
356 984 7
357 62 8
357 88 6
357 213 7
357 243 5
357 351 9
357 357 6
357 680 7
357 691 7
357 796 10
357 913 1
357 957 10
357 1010 7
358 42 3
358 416 9
358 485 8
358 605 2
358 760 9
358 903 1
359 44 9
359 74 9
359 177 10
359 313 3
359 612 10
359 873 3
360 187 2
360 196 1
360 216 1
360 674 7
360 791 6
360 944 8
361 19 5
361 214 5
361 226 6
361 482 4
361 550 10
361 708 4
361 751 9
361 804 8
361 1021 10
362 40 10
362 77 8
362 247 1
362 864 7
362 867 10
363 195 2
363 226 6
363 320 4
363 369 10
363 684 6
363 721 2
363 743 10
364 167 7
365 65 6
365 223 1
365 365 1
365 367 7
365 537 3
365 553 2
365 660 5
365 686 8
365 783 1
365 868 1
365 877 3
365 914 6
366 117 4
366 189 4
366 313 9
366 479 3
367 80 3
367 101 10
367 116 4
367 169 10
367 250 3
367 568 10
367 762 9
367 784 4
367 874 6
368 217 2
368 303 5
368 324 3
368 354 5
368 603 6
368 821 2
368 976 2
369 524 6
369 687 2
370 295 10
370 327 8
370 366 3
370 597 6
370 655 7
370 706 6
370 736 7
370 773 1
370 1020 1
371 172 10
371 483 6
371 666 2
371 686 4
372 33 8
372 158 3
372 448 8
372 485 7
372 621 5
372 808 7
373 57 8
373 62 8
373 88 4
373 109 1
373 545 4
373 689 9
374 204 8
374 303 9
374 362 10
374 398 9
374 574 6
374 746 1
374 770 1
374 897 5
374 958 6
374 980 6
375 164 4
375 373 1
375 390 2
375 508 4
375 558 3
375 579 4
375 635 2
375 758 4
376 44 7
376 154 9
376 167 7
376 355 4
376 517 8
376 946 1
377 258 3
377 377 7
377 488 1
377 517 8
377 522 7
377 597 6
377 609 6
377 635 6
377 678 7
377 702 7
377 889 5
378 203 2
378 253 8
378 435 7
378 541 9
378 602 5
378 636 2
378 642 4
378 704 7
378 736 6
378 895 7
379 127 9
379 131 9
379 279 10
379 297 5
379 319 5
379 356 9
379 357 1
379 401 1
379 477 8
379 617 3
379 755 5
379 815 4
379 881 5
380 86 2
380 161 10
380 446 1
380 623 10
380 888 6
380 1003 7
381 33 6
381 97 2
381 153 10
381 454 5
381 611 8
381 681 10
381 729 9
381 810 1
381 879 3
382 127 7
382 280 6
382 487 2
382 564 6
382 822 4
382 1005 1
383 746 10
383 826 1
383 1001 9
384 143 2
384 223 1
384 285 6
384 489 6
384 550 7
384 628 1
384 978 1
384 1020 10
385 196 1
385 201 3
385 363 1
385 866 8
386 357 1
386 410 7
386 412 1
386 877 10
386 902 3
387 87 8
387 123 10
387 283 4
387 343 10
387 451 4
387 530 10
387 579 6
387 598 5
387 606 7
387 630 9
387 638 6
387 644 6
387 743 9
387 825 6
387 854 9
388 50 1
388 309 4
388 335 5
388 488 9
388 578 4
388 581 7
388 616 9
388 682 6
388 697 1
388 853 9
389 108 5
389 188 1
389 230 7
389 240 5
389 301 10
389 435 10
389 443 4
389 548 1
389 774 3
389 842 4
389 979 7
389 999 4
389 1004 9
390 1 1
390 13 1
390 38 9
390 56 8
390 304 6
390 437 8
390 498 6
390 651 7
390 807 10
390 865 9
390 919 3
390 948 9
390 954 4
390 964 9
390 1002 9
391 21 2
391 158 9
391 314 7
391 488 6
391 507 9
391 817 6
391 920 1
391 957 10
392 23 5
392 50 4
392 117 3
392 130 9
392 444 9
392 544 9
392 588 2
392 599 7
392 913 1
393 201 2
393 233 6
393 352 9
393 433 10
393 495 5
393 680 4
393 756 8
394 13 6
394 42 4
394 148 10
394 414 4
394 449 9
394 761 10
394 789 4
394 944 10
395 72 8
395 127 3
395 206 6
395 284 8
395 315 8
395 432 8
395 693 9
395 738 4
396 155 1
396 267 1
396 425 2
396 563 2
396 801 1
396 983 5
396 1000 8
396 1022 2
397 36 9
397 91 5
397 165 10
397 431 10
397 502 9
397 873 5
398 33 7
398 44 5
398 604 10
399 440 6
399 556 10
399 583 8
399 752 5
399 831 4
399 931 10
400 6 4
400 105 8
400 251 5
400 484 3
400 528 5
400 549 2
400 937 1
401 104 8
401 362 4
401 422 4
401 703 1
401 764 5
402 46 4
402 189 7
402 222 5
402 244 5
402 257 5
402 470 9
402 475 6
402 594 4
402 597 10
402 798 2
402 959 10
402 1003 6
403 131 1
403 250 7
403 434 7
403 510 1
403 713 1
403 761 2
403 875 10
403 904 6
403 907 9
403 933 4
403 950 8
404 137 3
404 193 7
404 364 9
404 462 2
404 477 2
404 503 2
404 833 4
404 878 9
405 45 5
405 271 3
405 388 3
405 598 2
405 823 7
405 866 3
405 885 9
405 918 3
406 96 2
406 106 1
406 193 4
406 254 7
406 357 1
406 468 1
406 536 4
406 645 1
406 799 3
406 862 5
407 11 10
407 496 9
407 518 6
407 586 5
407 756 6
407 772 10
407 820 3
408 14 4
408 127 2
408 386 5
408 562 7
408 661 7
408 773 3
408 777 4
409 126 9
409 178 7
409 198 5
409 338 8
409 482 9
409 548 3
409 823 10
409 893 1
410 83 3
410 136 5
410 144 9
410 173 6
410 181 5
410 209 4
410 384 8
410 480 8
410 802 1
410 1002 10
411 50 6
411 260 6
411 265 6
411 403 3
411 437 5
411 527 9
411 573 7
411 679 8
411 916 3
412 63 5
412 179 7
412 307 7
412 398 8
412 509 7
412 606 3
412 741 4
412 763 4
412 817 1
413 262 7
413 318 5
413 647 3
413 689 1
413 726 10
413 734 4
413 827 8
414 83 6
414 147 9
414 619 8
414 655 5
414 784 9
414 807 7
414 974 2
415 388 6
415 552 2
415 723 5
416 5 3
416 61 10
416 77 3
416 267 2
416 544 4
416 555 7
417 567 8
417 656 10
417 664 5
417 699 7
417 854 4
417 908 10
417 980 10
418 123 7
418 130 8
418 175 7
418 222 1
418 315 1
418 442 8
418 567 4
418 596 8
418 600 3
418 613 5
418 753 5
418 779 8
418 986 5
418 993 3
419 30 1
419 148 1
419 269 5
419 326 5
419 338 5
419 459 6
419 481 7
419 760 8
419 838 10
419 1021 6
420 61 6
420 83 1
420 204 2
420 350 4
420 610 7
420 690 1
420 868 3
421 34 3
421 50 9
421 205 1
421 502 3
421 532 9
421 684 8
421 708 9
421 803 8
422 117 1
422 287 3
422 352 5
422 431 10
422 459 7
422 546 7
422 618 2
422 755 9
422 844 1
423 160 7
423 315 3
423 412 9
424 17 5
424 288 1
424 318 8
424 700 2
424 762 8
425 99 10
425 319 3
425 377 1
425 381 6
425 421 6
425 467 5
425 596 8
425 765 6
425 797 6
425 839 3
425 884 6
425 944 5
426 207 1
426 271 3
426 273 7
426 708 5
426 781 7
426 927 6
426 975 1
427 6 6
427 657 8
427 745 2
427 874 8
427 1013 6
428 251 6
428 460 6
428 528 2
428 918 8
429 35 3
429 184 4
429 335 5
429 477 5
429 560 8
429 1023 7
430 51 10
430 74 3
430 154 4
430 182 10
430 215 8
430 259 1
430 307 2
430 348 3
430 431 5
430 447 4
430 532 8
430 572 2
430 648 8
430 650 6
430 683 9
431 405 10
431 450 1
431 484 8
431 585 1
431 619 9
431 946 5
432 83 7
432 261 4
432 330 7
432 432 4
432 566 9
432 778 2
432 906 1
432 909 3
433 46 9
433 199 9
433 248 2
433 486 4
433 539 4
433 602 3
433 621 1
433 710 4
433 777 4
433 991 6
434 143 1
434 211 9
434 303 5
434 545 4
434 759 6
434 978 10
434 987 2
435 118 8
435 213 3
435 492 2
435 552 10
435 657 1
435 665 6
435 808 8
436 80 6
436 162 4
436 230 4
436 278 4
436 513 5
436 523 6
436 564 8
436 594 4
436 645 4
436 879 2
437 42 7
437 93 10
437 162 4
437 513 9
437 619 5
437 732 10
437 792 6
438 86 5
438 99 8
438 145 10
438 270 8
438 842 6
439 89 2
439 120 2
439 160 3
439 284 4
439 464 3
439 481 2
439 767 6
439 950 10
440 75 10
440 147 1
440 212 4
440 432 3
440 490 7
440 498 8
440 683 8
440 684 6
440 749 3
441 10 3
441 20 7
441 76 1
441 203 4
441 329 3
441 345 2
441 585 9
441 900 2
442 57 7
442 65 3
442 153 1
442 444 9
442 663 3
442 866 6
443 176 10
443 432 6
443 588 8
443 868 3
443 886 10
444 93 2
444 564 8
444 667 9
444 948 3
445 159 10
445 312 4
445 328 7
445 429 8
445 498 4
445 570 6
445 730 4
445 966 6
446 18 8
446 322 10
446 437 9
446 573 2
446 658 4
447 142 10
447 224 2
447 286 5
447 478 8
447 505 6
447 590 6
447 682 6
447 838 8
447 888 3
447 929 5
448 52 5
448 98 1
448 148 9
448 178 4
448 435 4
448 556 8
448 672 5
448 750 6
449 78 10
449 105 8
449 337 2
449 341 7
449 342 3
449 346 7
449 404 10
449 505 1
449 561 6
449 603 2
449 606 9
449 941 9
449 948 5
449 1025 10
450 10 10
450 50 2
450 68 7
450 215 8
450 300 9
450 309 3
450 644 5
450 831 1
450 911 9
450 917 2
450 945 1
450 974 10
451 78 5
451 237 6
451 281 7
451 332 1
451 492 1
451 537 6
451 557 1
451 725 4
452 211 5
452 321 3
452 405 10
452 503 4
452 514 3
452 616 8
452 750 5
452 856 3
453 41 8
453 339 10
453 483 2
453 508 10
453 517 3
453 754 9
453 988 7
453 991 1
453 1006 3
454 269 1
454 291 1
454 573 3
455 24 4
455 28 4
455 313 2
455 424 1
455 541 9
455 619 9
456 81 1
456 241 10
456 247 6
456 807 3
456 860 5
456 879 10
456 998 6
457 29 7
457 39 6
457 184 10
457 391 4
457 459 10
457 615 5
457 622 1
457 715 1
457 740 6
457 788 10
457 1020 3
458 121 6
458 606 6
458 768 3
458 883 10
458 966 9
458 995 4
459 134 3
459 264 4
459 347 7
459 534 4
459 547 4
459 733 7
459 990 4
460 51 7
460 59 8
460 348 2
460 555 9
460 589 3
460 613 3
460 712 6
460 756 9
460 804 8
461 12 6
461 155 2
461 176 8
461 482 10
461 805 4
461 932 10
461 947 7
462 97 6
462 192 5
462 266 5
462 546 3
462 762 7
462 829 6
462 996 3
463 240 2
463 507 8
463 792 7
463 950 10
463 1003 4
464 21 10
464 161 7
464 603 7
464 616 6
464 690 4
464 747 10
464 921 7
465 393 8
465 498 3
465 562 2
465 598 6
465 651 10
465 722 7
465 896 7
466 187 9
466 240 8
466 381 3
466 800 1
467 303 7
467 366 10
467 570 5
467 592 3
467 636 2
467 645 3
467 651 8
467 691 5
468 125 7
468 334 8
468 412 1
468 440 6
468 453 1
468 521 2
468 557 4
468 566 9
468 878 8
468 997 10
469 217 1
469 268 4
469 280 7
469 396 3
469 700 5
469 735 3
470 51 4
470 130 4
470 146 1
470 270 5
470 509 3
470 558 5
470 629 5
470 647 1
470 672 4
470 678 9
470 729 3
470 798 6
470 959 3
471 128 3
471 177 2
471 295 9
471 308 2
471 457 2
471 506 7
471 543 4
471 595 3
471 658 10
471 701 2
471 844 2
471 911 1
472 82 4
472 407 7
472 629 10
472 652 6
472 701 4
472 703 4
472 714 2
472 853 9
473 65 4
473 188 6
473 279 1
473 298 1
473 447 10
473 500 4
473 563 4
473 698 10
473 875 8
473 915 1
474 33 2
474 191 10
474 401 2
474 467 3
474 548 1
474 591 5
474 608 9
474 767 4
474 833 8
475 273 10
475 375 8
475 412 1
475 775 1
475 902 3
475 934 8
476 45 10
476 113 9
476 190 3
476 590 3
476 813 2
476 846 1
477 103 8
477 108 7
477 157 3
477 327 8
477 366 8
477 569 6
477 672 4
477 690 7
477 811 4
477 902 6
477 956 10
478 189 5
478 434 8
478 494 2
478 516 6
478 720 4
479 152 10
479 187 1
479 312 1
479 906 10
480 64 10
480 136 4
480 300 2
480 346 3
480 393 3
480 508 1
480 645 3
480 751 5
480 916 5
480 956 4
480 960 5
481 370 4
481 522 2
481 1023 9
481 1025 4
482 272 9
482 545 5
482 550 9
482 556 5
482 599 8
482 633 4
482 954 4
482 1007 4
483 200 3
483 232 6
483 477 9
483 483 7
483 729 7
483 747 2
483 981 9
484 58 6
484 84 3
484 220 2
484 442 7
484 457 5
484 689 4
484 713 9
484 817 9
485 26 10
485 50 5
485 580 4
485 638 6
485 921 9
486 11 5
486 69 5
486 70 4
486 292 3
486 295 1
486 474 2
486 491 9
486 719 10
486 794 7
486 822 5
486 827 3
486 1017 10
487 565 2
487 713 4
487 895 6
487 943 8
488 71 5
488 245 6
488 354 4
488 1019 7
489 91 8
489 115 2
489 838 4
489 885 3
489 894 3
489 915 4
489 1002 5
490 114 7
490 660 8
490 716 10
490 926 7
491 56 4
491 199 6
491 216 2
491 253 7
491 335 6
491 541 5
491 874 7
491 937 5
492 36 2
492 182 1
492 277 10
492 293 1
492 436 2
492 466 3
492 709 8
492 718 10
492 852 7
492 860 3
492 920 5
493 67 5
493 92 2
493 181 8
493 377 10
493 406 5
493 791 10
493 792 4
493 798 9
493 868 9
494 343 3
494 460 10
494 594 7
494 748 6
494 774 6
494 952 9
495 58 4
495 135 3
495 478 3
495 678 3
495 715 8
495 738 4
495 767 3
495 914 9
495 993 6
496 145 7
496 223 1
496 386 5
496 453 8
496 612 7
496 729 8
496 764 2
497 3 3
497 8 1
497 26 1
497 137 5
497 210 7
497 239 1
497 360 10
497 485 7
497 511 1
497 686 2
497 811 7
497 842 7
498 64 9
498 87 4
498 247 5
498 343 5
498 478 6
498 542 10
498 546 9
498 648 5
498 673 5
498 710 1
498 783 3
498 834 1
499 12 9
499 87 3
499 149 7
499 244 6
499 653 1
499 657 4
499 729 9
499 773 6
499 823 7
499 875 10
500 97 10
500 380 3
500 610 2
500 619 9
500 739 10
500 819 2
500 870 2
501 194 6
501 344 8
501 526 2
501 786 1
502 234 5
502 473 8
502 517 6
502 591 6
502 678 6
502 711 1
502 760 10
502 839 7
502 958 5
503 172 2
503 192 7
503 509 8
503 610 9
503 714 3
503 725 10
503 808 4
503 861 1
503 878 5
504 107 10
504 164 10
504 378 6
504 461 3
504 512 1
504 515 4
504 527 4
504 602 4
504 692 7
505 41 1
505 106 4
505 374 9
505 420 1
505 459 10
505 637 6
505 657 6
505 727 5
505 974 2
506 34 8
506 142 4
506 599 10
506 605 3
506 851 8
507 254 6
507 344 2
507 745 8
507 767 10
507 795 3
508 76 1
508 366 1
508 383 10
508 574 3
508 623 2
508 738 5
508 800 7
508 899 5
508 923 1
508 991 10
508 1005 10
509 5 7
509 321 10
509 346 3
509 428 7
509 464 10
509 555 2
509 697 3
509 744 7
509 824 6
509 939 6
510 23 5
510 208 2
510 329 7
510 399 9
510 464 1
510 669 4
510 811 2
510 949 8
511 3 4
511 60 6
511 125 8
511 193 6
511 228 5
511 254 2
511 285 9
511 302 10
511 329 8
511 508 5
511 566 10
511 660 7
511 796 5
512 3 8
512 148 8
512 411 7
512 615 5
512 806 7
512 894 1
512 985 9
512 1021 6
513 4 8
513 17 6
513 113 2
513 213 1
513 219 4
513 279 10
513 491 1
513 570 7
513 729 3
513 947 8
513 954 2
513 971 8
514 3 8
514 81 9
514 275 5
514 277 9
514 459 8
514 660 4
514 718 9
514 835 4
515 110 5
515 203 5
515 206 8
515 230 4
515 304 5
515 762 7
515 775 10
515 909 3
516 26 9
516 184 10
516 224 8
516 316 6
516 387 5
516 517 9
516 562 7
516 579 8
516 767 10
516 827 9
516 908 7
517 211 2
517 219 9
517 230 8
517 472 2
517 612 6
517 890 9
518 212 6
518 229 6
518 265 6
518 271 1
518 328 4
518 390 1
518 636 5
518 687 1
518 695 9
518 973 10
518 999 5
518 1016 7
519 67 10
519 153 7
519 480 5
519 547 9
519 661 7
519 755 2
519 783 4
520 129 5
520 140 8
520 225 3
520 581 5
520 633 7
520 674 1
520 705 8
520 807 7
521 173 9
521 254 9
521 258 2
521 470 7
521 531 4
521 730 9
521 886 4
522 18 4
522 112 5
522 276 4
522 543 10
522 718 5
522 731 4
522 735 10
523 407 1
523 425 10
523 622 9
523 628 9
523 730 6
523 737 9
523 757 5
523 867 8
523 1012 4
524 137 2
524 290 7
524 342 7
524 474 6
524 560 5
524 570 7
524 613 3
524 628 1
524 643 7
524 661 2
524 820 4
524 979 5
524 985 7
525 98 3
525 301 10
525 302 1
525 353 9
525 355 6
525 535 2
526 79 5
526 82 9
526 138 1
526 385 5
526 470 1
526 505 1
526 641 5
526 659 8
526 745 10
526 933 2
526 941 5
527 50 3
527 179 3
527 287 4
527 301 1
527 447 8
527 835 8
527 858 10
528 15 2
528 123 9
528 175 6
528 398 5
528 508 4
528 801 3
528 814 2
528 893 8
528 925 2
528 965 4
528 996 6
529 308 7
529 442 5
529 451 10
529 526 8
529 671 8
529 763 4
529 903 8
529 994 8
530 23 1
530 107 5
530 202 9
530 242 2
530 594 2
530 602 4
530 925 4
530 976 5
530 1002 4
531 87 3
531 212 4
531 596 3
531 746 6
531 788 2
531 861 1
532 106 1
532 207 8
532 360 5
532 561 4
532 582 5
532 868 8
533 167 7
533 358 1
533 548 5
534 3 3
534 143 10
534 153 4
534 171 10
534 188 6
534 322 1
534 334 10
534 417 8
534 450 7
534 522 10
534 568 9
534 719 10
534 744 3
534 831 4
534 943 6
535 36 9
535 140 8
535 292 10
535 410 3
535 456 3
536 52 3
536 81 5
536 212 3
536 516 10
536 547 9
536 653 8
536 742 5
536 988 7
537 10 4
537 24 7
537 35 3
537 328 9
537 364 6
537 464 6
537 724 10
537 782 3
538 137 8
538 201 1
538 358 10
538 592 6
538 730 1
538 825 10
538 839 6
538 906 5
539 48 3
539 71 1
539 331 3
539 334 2
539 344 10
539 474 6
539 475 5
539 597 3
539 667 10
539 737 9
539 789 4
539 946 9
539 993 7
540 105 8
540 121 7
540 307 2
540 653 6
540 654 9
541 24 2
541 117 4
541 141 6
541 188 2
541 244 6
541 744 3
542 376 4
542 590 8
542 600 10
542 621 4
542 958 9
543 157 5
543 250 9
543 291 2
543 334 8
543 364 1
543 477 5
543 625 9
543 713 8
543 809 9
544 41 3
544 267 8
544 319 10
544 567 7
544 621 8
544 948 6
544 976 6
544 1000 4
545 67 9
545 127 2
545 217 4
545 277 3
545 327 7
545 461 9
545 698 4
545 814 2
545 854 3
545 939 7
546 29 1
546 44 2
546 69 3
546 341 10
546 418 9
546 432 3
546 582 3
546 672 6
546 712 3
547 84 7
547 210 6
547 461 1
547 490 8
547 565 9
547 569 10
547 605 7
547 694 7
547 781 7
547 862 4
547 909 4
548 40 2
548 76 4
548 219 7
548 256 5
548 337 6
548 379 3
548 475 5
548 581 1
548 651 7
548 657 7
548 810 8
548 831 7
548 964 8
548 984 2
548 1002 8
548 1006 6
549 190 4
549 227 10
549 389 3
549 392 8
549 603 9
549 666 9
549 792 10
549 976 6
549 1023 9
550 81 9
550 123 4
550 225 5
550 405 7
550 628 9
550 832 8
550 883 8
550 980 2
551 32 5
551 121 4
551 175 8
551 195 7
551 240 8
551 390 8
551 530 5
551 615 4
551 863 7
551 907 2
552 68 2
552 182 10
552 202 1
552 216 9
552 274 3
552 303 1
552 697 2
552 848 1
552 949 1
553 282 2
553 348 2
553 356 8
553 408 10
553 454 1
553 461 3
553 542 4
553 995 9
553 1020 1
554 117 3
554 163 9
554 619 2
554 653 9
554 967 2
555 247 9
555 347 6
555 462 10
555 576 9
555 623 10
555 643 5
555 698 7
556 144 3
556 212 8
556 282 7
556 347 4
556 607 9
556 763 1
556 973 6
557 331 10
557 580 1
557 583 8
557 812 1
557 1014 3
558 11 5
558 94 10
558 347 5
558 349 7
558 379 5
558 908 3
558 1023 7
559 58 7
559 173 3
559 221 10
559 267 6
559 280 5
559 290 1
559 402 3
559 755 6
559 869 9
559 895 4
560 189 2
560 304 7
560 675 9
560 837 10
560 988 3
560 991 2
561 51 8
561 307 4
561 723 9
561 791 9
561 820 6
561 847 6
561 878 1
562 106 10
562 114 2
562 190 2
562 266 6
562 744 10
563 12 6
563 98 1
563 355 8
563 858 4
563 862 3
564 338 7
564 545 1
564 640 7
564 763 7
564 812 5
564 868 4
564 880 7
564 892 9
564 917 6
564 951 4
564 1011 9
565 144 7
565 204 8
565 448 2
565 566 6
565 608 1
565 643 10
565 756 4
565 899 9
566 250 7
566 429 4
566 507 8
566 674 10
566 704 5
567 36 6
567 151 9
567 353 2
567 416 6
567 438 8
567 766 7
567 789 8
567 820 4
567 828 8
568 59 7
568 87 3
568 251 2
568 508 10
568 920 9
568 963 2
568 964 7
568 975 4
569 44 10
569 143 3
569 150 2
569 218 1
569 229 10
569 425 4
569 785 2
569 842 3
569 990 4
570 3 10
570 27 8
570 102 4
570 551 9
570 581 4
570 763 9
570 1023 9
571 6 5
571 90 4
571 134 6
571 389 2
571 562 3
571 568 2
571 613 1
571 996 9
572 23 6
572 124 2
572 234 1
572 385 6
572 389 6
572 413 9
572 579 10
572 596 7
572 836 4
573 92 3
573 108 10
573 218 3
573 363 8
573 612 1
573 852 8
573 858 4
573 916 3
574 328 5
574 492 7
574 624 1
574 665 9
574 684 5
574 766 2
574 827 5
574 1013 10
574 1022 9
575 23 8
575 38 4
575 307 2
575 443 8
575 461 3
575 498 7
575 860 2
575 884 5
576 125 3
576 235 9
576 241 5
576 283 4
576 459 5
576 509 8
576 512 6
576 603 4
576 670 1
576 738 5
576 780 7
576 836 8
576 1005 8
577 45 9
577 50 4
577 215 4
577 394 1
577 494 4
577 523 10
577 553 4
577 558 9
577 568 1
577 770 3
578 73 8
578 193 5
578 281 4
578 492 8
578 710 9
578 724 1
578 762 9
578 767 5
578 975 5
579 80 9
579 446 9
579 544 8
579 697 3
579 764 7
579 986 5
580 45 9
580 85 9
580 228 9
580 335 5
580 479 8
580 816 9
581 4 5
581 148 1
581 239 4
581 275 5
581 371 5
581 436 6
581 458 9
581 545 5
581 584 6
581 629 3
581 681 2
581 793 2
581 893 6
581 937 9
581 956 10
581 1018 8
582 32 9
582 62 6
582 181 2
582 273 9
582 334 5
582 497 1
582 807 2
583 190 3
583 469 5
583 598 2
583 621 1
583 816 6
584 20 6
584 82 10
584 169 4
584 354 10
584 387 10
584 909 9
584 956 6
584 1016 6
585 281 4
585 564 6
585 595 2
585 843 10
585 882 8
585 999 6
585 1001 3
586 57 6
586 84 6
586 218 5
586 243 5
586 492 7
586 649 10
586 690 7
586 887 5
586 926 6
587 21 9
587 485 8
587 489 8
587 701 4
587 870 9
587 923 10
588 62 9
588 212 6
588 266 9
588 306 4
588 345 5
588 393 1
588 395 2
588 587 3
588 702 8
588 710 6
588 773 8
588 870 10
589 246 7
589 276 8
589 444 7
589 501 1
589 668 3
590 469 2
590 549 5
590 783 7
590 814 8
590 984 7
591 118 5
591 119 3
591 188 2
591 325 4
591 445 2
591 556 2
591 590 9
591 672 1
591 734 1
591 949 9
592 87 6
592 322 2
592 451 2
592 528 3
592 660 2
592 760 5
592 794 5
592 801 1
592 834 2
593 251 4
593 283 2
593 389 8
593 513 1
593 665 8
593 666 1
593 688 5
593 696 10
593 789 5
593 860 2
593 962 7
594 133 3
594 180 8
594 570 1
594 713 5
594 717 3
594 797 3
595 6 6
595 30 1
595 73 5
595 319 8
595 383 9
595 888 10
596 259 9
596 267 10
596 334 2
596 355 10
596 532 7
596 609 8
596 730 3
596 973 8
596 978 2
596 999 4
597 28 8
597 65 4
597 82 2
597 102 8
597 167 9
597 235 1
597 242 4
597 260 2
597 265 9
597 417 7
597 444 9
597 926 2
597 966 3
597 993 2
598 195 4
598 275 8
598 482 4
598 646 8
598 709 5
598 939 3
599 154 9
599 403 4
599 603 4
599 896 3
599 967 5
599 1023 10
600 84 10
600 282 7
600 283 8
600 333 3
600 502 1
600 672 5
600 1024 7
601 127 4
601 197 4
601 342 5
601 772 4
601 926 7
602 144 8
602 254 4
602 311 5
602 481 8
602 728 5
602 737 7
603 102 1
604 14 10
604 80 4
604 85 5
604 204 9
604 313 1
604 400 7
604 596 8
604 617 6
604 630 2
604 634 10
604 768 2
604 805 2
604 807 9
605 11 1
605 47 1
605 218 4
605 308 1
605 485 5
605 663 10
605 724 6
605 733 10
605 847 6
605 940 9
605 1023 6
606 236 3
606 353 4
606 405 1
606 463 2
606 776 9
607 137 9
607 236 3
607 495 10
607 822 5
607 890 7
607 916 9
608 145 5
608 301 5
608 564 6
608 670 2
608 922 6
609 256 7
609 292 3
609 321 7
609 377 7
609 795 3
609 972 7
610 128 10
610 220 5
610 657 3
610 787 1
610 806 10
610 914 4
610 934 6
610 952 10
610 962 10
611 3 10
611 40 6
611 162 2
611 574 2
611 678 4
611 905 10
612 227 4
612 230 3
612 324 4
612 449 2
612 511 3
612 609 10
612 625 6
612 671 8
612 935 1
613 91 1
613 241 6
613 377 6
613 447 10
613 467 3
613 547 10
613 648 8
613 662 2
613 669 7
613 788 3
613 870 3
613 1000 8
614 90 6
614 217 10
614 491 8
614 516 7
614 585 10
614 916 5
614 975 8
615 152 3
615 231 8
615 274 10
615 330 8
615 354 2
615 387 5
615 395 9
615 421 5
615 437 7
615 462 4
615 490 4
615 699 7
615 761 6
615 868 10
615 895 4
615 993 5
615 1019 4
616 274 6
616 424 5
616 804 7
616 863 2
616 951 7
617 297 1
617 425 9
617 663 4
617 782 1
617 840 8
617 944 1
617 971 2
618 290 2
618 298 10
618 319 6
618 331 1
618 434 9
618 440 3
618 567 3
618 596 6
618 786 1
618 895 9
618 973 2
619 90 6
619 153 4
619 349 10
619 540 1
619 557 5
620 19 6
620 24 8
620 206 8
620 670 1
620 704 4
620 760 5
620 921 2
621 20 10
621 181 7
621 323 10
621 773 5
622 226 7
622 254 10
622 459 5
622 654 10
622 665 1
622 838 5
622 982 5
623 65 2
623 186 5
623 288 9
623 419 6
623 444 2
623 660 9
623 732 6
623 749 3
623 776 6
623 786 9
623 898 5
624 338 7
624 640 6
624 691 10
625 50 6
625 92 5
625 186 10
625 445 9
625 571 1
625 670 1
625 686 10
625 904 8
625 943 2
625 1023 4
626 172 6
626 287 1
626 430 9
626 534 6
626 640 4
626 863 5
627 76 2
627 81 5
627 128 1
627 153 1
627 195 2
627 245 3
627 287 1
627 301 9
627 598 7
627 621 7
627 673 9
627 768 1
627 895 5
627 947 4
627 988 10
628 285 2
628 402 9
628 429 9
628 497 10
628 572 9
628 701 1
628 811 1
629 121 6
629 196 5
629 371 4
629 566 2
629 586 5
629 602 4
629 705 9
629 894 10
629 972 10
629 1023 2
630 199 4
630 251 1
630 283 4
630 325 7
630 690 3
630 715 5
630 754 5
630 974 9
630 988 3
630 990 4
631 7 2
631 157 9
631 184 7
631 435 1
631 491 10
631 856 7
631 909 2
631 968 1
632 130 6
632 151 4
632 504 1
632 636 3
632 695 8
632 751 6
632 755 6
632 860 5
632 885 10
633 167 4
633 213 4
633 292 1
633 352 8
633 385 10
633 498 1
633 546 1
633 725 6
633 731 5
633 757 7
633 835 3
633 935 6
634 566 9
635 240 6
635 261 7
635 339 9
635 417 4
635 418 9
635 545 8
635 615 1
635 649 2
635 825 10
635 967 8
635 1006 6
636 182 10
636 288 10
636 420 5
636 576 6
636 603 8
636 775 1
636 866 7
636 898 3
637 70 7
637 598 7
637 604 10
637 624 6
637 861 10
637 971 1
637 1022 3
638 368 4
638 633 7
638 742 7
638 776 1
638 972 8
639 131 2
639 611 9
639 714 8
639 1007 8
640 51 8
640 70 8
640 111 10
640 122 9
640 243 7
640 324 7
640 455 6
640 670 7
640 703 8
640 752 3
640 907 4
641 1 5
641 33 3
641 193 2
641 396 8
641 523 9
641 588 10
641 593 7
641 668 6
641 728 9
641 748 9
642 29 9
642 74 5
642 79 8
642 189 5
642 240 7
642 367 7
642 483 9
642 524 6
643 133 4
643 141 6
643 317 5
643 328 1
643 364 7
643 372 5
643 395 10
643 430 3
643 447 1
643 483 6
643 565 2
643 679 3
643 723 1
643 732 7
644 258 7
644 557 4
644 723 6
644 810 6
645 182 3
645 475 2
645 521 1
645 609 4
645 728 3
645 1022 1
646 22 10
646 174 10
646 342 6
646 628 8
646 841 8
646 844 6
646 859 3
646 935 1
646 947 3
647 33 7
647 41 4
647 448 9
647 551 4
647 638 3
647 712 1
647 976 4
648 61 10
648 443 4
648 834 8
649 122 2
649 126 10
649 369 4
649 410 5
649 555 5
649 892 1
649 1021 9
650 409 9
650 484 2
650 625 4
650 631 1
650 741 2
650 964 3
651 190 2
651 232 9
651 289 1
651 461 9
651 496 6
651 614 5
651 638 1
651 675 8
651 916 4
652 471 4
652 572 6
652 697 7
652 847 6
652 862 8
653 13 2
653 160 7
653 383 2
653 528 9
653 531 8
653 601 3
653 688 4
654 40 4
654 117 10
654 227 5
654 319 3
654 330 8
654 846 8
654 957 6
654 969 10
655 28 1
655 226 1
655 288 1
655 362 10
655 497 3
655 528 1
655 572 5
655 936 7
655 971 1
656 88 5
656 132 2
656 164 5
656 199 2
656 275 10
656 455 2
656 483 2
656 513 1
656 633 1
656 785 5
656 993 1
657 24 8
657 183 7
657 244 7
657 561 2
657 598 6
657 656 1
657 684 4
657 694 5
658 3 10
658 165 1
658 278 4
658 317 10
658 418 1
658 431 4
658 678 9
658 698 5
658 890 4
659 120 6
659 224 4
659 417 7
659 569 2
659 584 5
659 672 1
659 787 3
660 194 7
660 222 4
660 264 4
660 489 9
660 520 4
660 987 10
661 4 10
661 133 4
661 227 7
661 228 8
661 254 5
661 264 4
661 341 8
661 379 10
661 846 9
662 183 7
662 578 2
662 754 2
662 831 6
663 155 3
663 202 8
663 267 7
663 365 9
663 574 3
663 642 4
664 22 2
664 247 9
664 426 5
664 567 7
664 743 1
664 980 9
665 9 5
665 189 5
665 272 5
665 500 3
665 588 10
665 665 4
665 771 2
665 789 3
665 923 2
665 996 9
665 1012 9
666 160 6
666 373 8
666 537 8
666 585 6
666 781 6
666 832 10
666 856 9
666 869 4
666 924 4
666 1001 6
667 62 2
667 129 2
667 236 1
667 386 7
667 389 4
667 721 9
667 857 1
667 859 2
667 891 10
668 97 1
668 119 6
668 221 6
668 256 7
668 292 8
668 319 7
668 327 1
668 343 2
668 454 10
668 455 4
668 612 2
668 650 8
668 843 1
668 895 2
668 939 8
669 58 6
669 258 7
669 264 9
669 294 5
669 324 2
669 510 2
669 529 2
669 571 5
669 822 5
669 837 2
670 38 1
670 118 10
670 245 3
670 274 3
670 546 3
670 591 4
670 614 4
670 676 8
670 730 1
670 741 10
670 791 8
671 129 7
671 443 2
671 951 1
671 1014 8
672 15 6
672 111 2
672 635 6
672 640 6
672 652 5
672 753 5
672 755 4
672 856 2
672 927 3
673 225 10
673 297 5
673 398 6
673 551 1
673 639 10
673 644 2
673 702 5
673 847 2
673 937 2
674 203 9
674 233 5
674 307 4
674 454 4
674 478 10
674 611 4
674 633 4
675 60 9
675 82 3
675 108 2
675 149 3
675 177 3
675 442 10
675 475 8
675 703 6
675 752 7
675 781 5
675 935 1
675 1011 1
676 13 8
676 22 4
676 46 3
676 330 9
676 394 10
676 435 10
676 476 2
676 503 1
676 623 1
676 670 8
676 723 3
676 857 2
677 105 6
677 265 7
677 318 8
677 582 9
677 685 6
677 728 3
677 809 4
677 991 6
678 17 5
678 38 5
678 63 8
678 104 9
678 120 6
678 140 7
678 277 4
678 411 2
678 419 2
678 497 6
678 617 2
678 747 1
678 800 1
678 861 6
678 890 10
678 911 1
678 985 5
679 140 1
679 352 1
679 473 6
679 487 8
679 597 3
679 752 7
679 790 5
679 978 1
679 990 6
680 119 5
680 130 6
680 345 8
680 498 10
680 541 4
680 560 2
680 662 6
680 814 1
681 24 10
681 98 2
681 341 8
681 418 6
681 559 3
681 682 1
681 742 3
681 901 5
681 922 3
681 1025 4
682 192 10
682 212 2
682 259 4
682 322 5
682 360 4
682 396 6
682 433 10
682 831 3
682 997 1
683 69 8
683 193 9
683 309 1
683 449 4
683 542 5
683 591 9
684 18 1
684 46 4
684 190 2
684 208 5
684 280 10
684 301 2
684 388 6
684 499 1
684 630 1
684 703 3
684 704 5
684 836 1
684 846 6
684 965 1
685 13 4
685 38 1
685 62 1
685 63 7
685 140 6
685 287 7
685 750 3
686 176 1
686 484 8
686 513 5
686 530 1
686 555 7
686 626 6
686 648 4
686 684 10
686 850 10
687 51 2
687 160 3
687 165 4
687 250 3
687 269 9
687 341 5
687 361 6
687 431 4
687 477 5
687 606 7
687 627 7
687 741 1
687 971 9
687 1019 4
688 107 2
688 129 4
688 175 4
688 334 4
688 405 1
688 434 1
688 435 10
688 497 3
688 837 1
688 852 9
688 856 9
688 986 4
689 116 5
689 241 6
689 336 9
689 406 7
689 431 6
689 652 10
689 815 1
689 893 1
689 921 4
689 985 9
690 74 5
690 225 9
690 377 4
690 972 1
690 1002 7
691 341 2
691 494 1
692 8 6
692 121 5
692 142 2
692 177 9
692 222 10
692 442 5
692 818 9
692 839 10
693 208 6
693 233 3
693 409 3
693 429 6
693 475 4
693 682 6
693 874 1
693 879 9
694 233 6
694 560 9
694 614 4
694 653 5
694 819 1
694 878 4
694 946 8
695 169 9
695 234 10
695 338 8
695 594 4
695 650 10
695 822 5
695 851 6
695 985 1
696 164 10
696 366 2
696 484 4
696 520 10
696 587 2
696 611 1
697 175 1
697 191 3
697 302 6
697 381 3
697 413 5
697 547 2
697 668 8
697 857 2
698 66 4
698 123 9
698 160 7
698 186 4
698 307 2
698 387 3
698 398 4
698 800 8
698 860 2
698 878 4
698 908 9
698 947 10
698 1011 7
699 188 9
699 412 4
699 450 4
699 632 1
700 180 5
700 382 6
700 694 4
700 744 4
700 864 9
700 958 4
701 174 4
701 350 1
701 473 2
701 610 9
701 923 6
701 1015 5
702 222 8
702 364 9
702 382 10
702 499 6
702 642 8
702 1002 3
703 99 10
703 129 10
703 148 8
703 163 9
703 272 2
703 572 1
703 691 7
703 736 1
703 813 9
703 833 5
703 969 6
704 313 3
704 380 5
704 407 10
704 417 10
704 466 1
704 525 5
704 753 8
704 754 6
704 851 1
704 889 8
704 991 7
705 70 9
705 138 5
705 256 3
705 479 6
705 513 6
705 948 2
705 1002 4
706 80 3
706 208 6
706 233 3
706 446 2
706 510 3
706 844 1
706 848 5
707 86 5
707 110 7
707 205 5
707 412 4
707 626 2
707 653 2
707 762 8
707 915 8
707 922 3
708 91 9
708 223 10
708 425 8
708 582 6
708 588 6
708 722 8
709 80 5
709 916 4
709 938 8
709 1025 2
710 25 9
710 552 5
710 714 7
711 103 10
711 616 8
711 676 1
711 759 6
711 786 10
711 821 4
712 117 8
712 258 10
712 603 9
712 646 5
712 739 7
712 816 5
712 909 10
712 910 10
713 52 7
713 479 9
713 851 9
713 935 9
714 384 7
714 511 9
714 734 8
714 949 4
715 80 6
715 305 5
715 350 8
715 609 1
715 866 2
715 870 1
715 940 9
716 161 7
716 210 9
716 230 9
716 245 4
716 284 1
716 617 6
716 690 6
716 888 5
716 901 5
717 154 5
717 236 5
717 289 9
717 362 3
717 707 9
718 204 8
718 503 2
718 585 7
718 824 6
718 989 3
719 324 8
719 329 4
719 388 3
719 688 5
719 848 7
720 275 8
720 316 2
720 349 7
720 394 8
720 664 5
721 236 7
721 344 9
721 506 3
721 588 6
721 653 9
722 67 9
722 260 6
722 294 4
722 379 4
722 405 2
722 610 8
722 730 8
722 741 6
722 753 9
723 344 1
723 429 7
723 632 6
723 659 4
723 823 3
723 1017 4
724 117 6
724 339 2
724 528 7
724 759 8
724 852 9
724 925 4
724 929 7
725 174 10
725 224 10
725 289 7
725 538 4
725 613 8
725 790 5
725 871 7
726 39 5
726 370 3
726 614 5
726 620 3
726 663 8
726 771 10
726 999 4
727 281 7
727 620 7
727 670 2
727 779 5
727 837 9
727 864 8
727 877 1
727 920 5
728 23 2
728 290 6
728 360 10
728 433 4
728 517 2
728 606 10
728 895 2
728 974 7
729 66 8
729 78 3
729 176 6
729 383 4
729 603 8
729 662 4
729 727 10
729 757 6
729 910 8
729 913 4
729 941 10
730 158 2
730 227 1
730 270 9
730 337 6
730 689 8
730 695 8
730 770 7
730 801 2
730 834 8
730 981 6
730 1012 4
731 46 2
731 80 7
731 356 9
731 381 2
731 490 2
731 551 3
731 559 3
731 600 5
731 876 9
732 210 10
732 348 7
732 389 7
732 515 6
732 675 7
732 847 2
732 1013 5
733 352 2
733 973 1
733 975 9
734 61 2
734 260 3
734 357 1
734 462 2
734 646 8
734 777 8
735 24 1
735 68 6
735 254 2
735 324 9
735 369 1
735 441 7
735 582 10
735 825 9
735 971 8
735 984 3
736 533 1
736 617 10
736 625 7
736 780 7
736 879 10
736 880 7
736 894 6
736 911 6
736 951 4
736 956 2
737 152 7
737 245 8
737 257 3
737 287 8
737 436 8
737 605 6
737 743 10
738 320 9
738 412 10
738 480 9
738 516 8
738 630 10
738 774 4
738 1000 9
739 120 10
739 151 6
739 422 6
739 488 2
739 517 4
739 967 3
740 22 6
740 37 6
740 59 4
740 126 3
740 518 3
740 823 3
741 21 1
741 163 8
741 204 1
741 329 4
741 546 1
741 696 7
741 843 3
741 963 3
741 974 6
742 196 1
742 564 9
742 757 7
742 819 9
742 875 8
742 876 5
742 910 6
742 958 9
742 960 10
743 178 7
743 372 1
743 488 7
743 537 4
743 581 2
743 744 3
743 809 8
743 920 7
743 922 8
743 1010 1
744 102 9
744 229 2
744 469 3
744 574 1
744 691 1
744 696 5
744 723 4
744 905 1
744 951 2
744 1020 7
745 93 6
745 190 9
745 413 7
745 443 4
745 512 6
745 518 7
745 629 3
745 661 2
746 8 4
746 36 3
746 125 4
746 324 2
746 334 3
746 407 10
746 680 5
746 754 4
746 887 2
746 976 2
747 7 3
747 126 2
747 145 2
747 197 1
747 354 5
747 429 7
747 741 2
747 745 8
747 839 1
747 890 7
747 982 10
748 355 4
748 466 3
748 535 5
748 561 3
748 673 1
748 715 10
748 741 10
748 794 9
748 866 2
748 938 1
748 959 3
748 1016 7
749 129 4
749 314 6
749 633 9
749 665 6
749 676 1
749 761 3
750 204 9
750 330 2
750 369 7
750 520 2
750 544 6
750 562 7
750 571 7
750 576 4
750 691 10
750 715 4
750 731 4
750 850 9
751 9 3
751 69 10
751 142 1
751 465 10
751 469 2
751 690 4
751 713 9
751 778 1
751 888 2
752 88 3
752 253 3
752 296 6
752 307 9
752 335 9
752 689 2
753 269 7
753 300 6
753 501 4
753 722 1
753 830 4
754 69 5
754 192 7
754 196 6
754 236 2
754 274 6
754 289 4
754 343 5
754 438 7
754 553 9
754 655 1
754 824 5
755 7 3
755 284 10
755 458 8
755 466 2
755 567 3
755 622 1
755 898 3
755 960 5
756 3 4
756 33 5
756 663 7
756 695 2
756 771 3
756 983 7
756 1003 5
757 86 1
757 189 2
757 255 8
757 488 2
757 515 6
757 518 2
757 572 10
757 583 3
757 695 6
757 745 5
757 787 8
757 796 10
757 870 4
757 962 8
758 613 10
758 657 8
759 352 10
759 731 9
759 886 5
760 70 4
760 111 1
760 193 7
760 218 6
760 464 5
760 548 1
760 802 10
760 871 4
760 985 4
761 11 4
761 268 10
761 347 8
761 480 4
761 494 2
761 561 5
761 580 5
761 869 9
761 1022 8
762 117 7
762 179 3
762 182 3
762 402 1
762 474 2
762 565 3
762 581 6
762 660 9
762 665 2
762 831 4
762 893 8
762 961 3
762 1019 8
763 10 3
763 60 5
763 123 7
763 234 8
763 347 2
763 353 7
763 499 9
763 502 5
763 538 10
763 895 2
764 100 4
764 436 7
764 530 6
764 821 7
765 101 3
765 156 2
765 182 7
765 451 10
765 518 8
765 533 1
765 656 3
765 784 1
765 903 2
766 27 7
766 135 6
766 261 10
766 315 10
766 365 9
766 520 10
766 529 2
766 542 9
766 733 2
766 803 9
766 807 5
766 952 10
767 3 10
767 40 3
767 103 8
767 255 4
767 263 4
767 269 2
767 296 9
767 300 2
767 342 7
767 456 8
767 460 4
767 606 8
767 810 4
767 825 3
767 898 6
767 966 7
767 970 7
767 974 6
767 1000 8
768 161 3
768 446 3
768 497 10
768 523 3
768 785 2
768 972 9
769 31 6
769 34 2
769 121 10
769 207 4
769 398 6
769 513 1
769 826 3
769 904 10
769 960 1
769 1011 8
770 98 3
770 133 2
770 283 7
770 611 4
770 757 10
771 50 6
771 300 9
771 344 7
771 473 1
771 475 3
771 481 4
771 600 7
771 649 10
771 735 1
771 922 5
771 939 4
771 1005 4
772 51 4
772 59 6
772 129 7
772 255 4
772 304 4
772 350 8
772 405 3
772 428 7
772 482 3
772 773 6
772 900 2
772 1011 4
773 95 8
773 272 9
773 298 6
773 541 1
773 682 7
774 37 1
774 160 10
774 221 4
774 521 1
774 560 8
774 741 5
774 749 3
774 937 2
775 233 1
775 365 4
775 434 4
775 552 7
775 558 8
775 598 7
775 657 2
775 741 5
775 759 3
775 830 5
775 900 8
775 922 10
776 231 10
776 910 7
777 285 4
777 421 5
777 554 10
777 590 9
777 631 4
777 844 10
777 919 4
778 149 4
778 160 9
778 248 6
778 255 5
778 289 2
778 290 6
778 353 2
778 604 6
778 630 1
778 722 3
778 796 7
778 808 4
778 814 9
778 979 5
779 10 1
779 37 5
779 378 7
779 506 6
779 522 10
779 791 1
780 15 5
780 81 1
780 120 10
780 220 1
780 279 7
780 334 6
780 836 10
780 848 5
780 860 1
780 901 2
780 929 1
781 100 4
781 114 10
781 159 6
781 233 8
781 367 1
781 440 4
781 852 2
782 76 7
782 280 4
782 652 6
783 96 5
783 121 9
783 129 4
783 190 9
783 289 10
783 335 9
783 583 7
783 637 7
783 775 8
783 957 8
784 144 1
784 215 10
784 442 9
784 487 2
784 538 6
784 688 7
784 815 3
785 26 1
785 69 7
785 216 4
785 816 1
785 834 3
785 940 3
785 996 8
786 103 2
786 278 6
786 381 1
786 530 3
786 798 4
787 8 6
787 104 9
787 464 8
787 494 5
787 806 2
787 820 8
787 840 6
787 941 2
788 4 5
788 26 2
788 354 9
788 560 4
788 603 2
788 784 9
788 945 4
789 253 5
789 618 6
789 908 10
790 44 8
790 260 6
790 485 7
790 877 3
790 879 6
790 955 1
790 1014 8
791 240 4
791 594 2
791 994 3
791 1016 6
792 86 5
792 106 6
792 177 4
792 178 3
792 181 5
792 323 10
792 474 4
792 648 2
792 736 5
792 833 6
792 860 8
792 880 6
792 1022 6
793 219 3
793 296 7
793 317 6
793 488 7
793 683 2
793 763 2
793 784 8
793 835 1
793 847 9
793 886 6
793 888 3
793 1017 5
794 55 6
794 204 2
794 612 10
794 817 8
794 950 4
794 961 7
794 1020 2
795 115 1
795 372 10
795 441 6
795 597 5
795 604 9
795 756 1
795 963 9
796 334 3
796 432 8
796 481 8
796 488 10
796 554 4
796 557 3
796 710 9
796 859 1
797 57 9
797 228 10
797 264 4
797 338 6
797 574 2
798 45 3
798 64 4
798 350 6
798 588 9
798 630 9
798 708 8
798 739 10
798 749 8
798 781 3
798 828 6
798 969 1
798 1001 4
799 59 8
799 236 6
799 264 10
799 387 6
799 395 7
799 659 10
799 672 1
799 801 4
799 981 8
800 184 2
800 388 9
800 543 10
800 558 10
801 127 2
801 443 10
801 457 9
801 468 7
801 789 7
801 822 2
802 205 1
802 250 10
802 489 8
802 912 9
803 59 1
803 140 5
803 578 8
803 597 8
803 665 7
803 829 6
803 988 9
804 104 2
804 109 3
804 258 4
804 306 4
804 320 10
804 415 2
804 441 3
804 606 2
804 951 8
805 11 2
805 64 4
805 80 8
805 187 3
805 225 3
805 436 1
805 724 4
805 732 4
805 911 8
805 946 1
805 991 5
806 148 8
806 297 2
806 448 2
806 460 9
806 812 4
806 994 8
807 125 8
807 307 2
807 522 7
807 713 3
807 833 2
807 1022 10
808 146 7
808 224 7
808 337 3
808 550 7
808 560 9
808 725 6
808 808 8
808 834 8
808 876 9
808 919 1
809 26 5
809 113 4
809 335 6
809 351 6
809 535 7
809 640 9
809 676 5
809 740 9
809 893 3
809 998 2
810 116 1
810 231 7
810 314 10
810 322 4
810 363 6
810 429 8
810 445 7
810 534 2
810 612 2
810 696 8
810 758 2
811 120 9
811 155 7
811 216 6
811 241 7
811 323 7
811 404 3
811 488 4
811 701 4
811 708 2
811 971 7
812 173 10
812 328 5
812 402 2
813 507 7
813 523 3
813 577 2
813 868 1
813 880 2
813 906 6
813 972 3
814 265 4
814 329 2
814 484 4
814 501 9
814 716 8
814 742 3
814 827 6
814 878 1
815 20 5
815 168 5
815 332 4
815 361 5
815 383 1
815 469 10
815 502 1
815 529 7
815 567 2
815 572 6
815 589 2
815 609 5
815 762 2
815 828 2
815 832 1
815 879 5
816 110 8
816 316 4
816 374 6
816 380 1
816 446 5
816 543 2
816 981 5
816 992 8
816 1018 5
817 215 8
817 224 6
817 277 4
817 365 3
817 451 3
817 670 5
817 713 7
817 899 8
817 909 8
817 944 3
818 62 10
818 289 9
818 294 3
818 319 9
818 362 1
818 409 8
818 532 10
818 579 7
818 934 10
818 991 3
818 1013 8
819 36 6
819 247 3
819 251 1
819 353 4
819 482 3
819 668 5
819 763 7
819 767 7
820 181 4
820 587 1
820 717 6
820 718 9
820 933 5
821 76 10
821 215 2
821 272 1
821 419 8
821 446 1
821 476 10
821 992 10
822 121 2
822 191 9
822 207 2
822 288 10
822 337 1
822 394 10
822 467 10
822 521 7
822 668 1
822 722 4
822 740 4
822 904 8
822 938 6
823 14 6
823 204 1
823 253 10
823 287 2
823 438 7
823 468 8
823 503 5
823 576 8
823 768 6
823 848 6
824 5 4
824 268 5
824 336 9
824 383 6
824 400 3
824 598 1
824 691 5
824 821 2
824 870 2
824 938 5
824 1009 6
825 104 2
825 256 5
825 293 5
825 539 3
825 646 4
825 680 7
825 963 6
825 965 9
825 1015 4
826 104 4
826 224 5
826 536 5
826 924 3
827 74 8
827 79 1
827 138 1
827 166 3
827 203 10
827 261 6
827 416 10
827 464 5
827 680 10
827 787 8
827 831 10
827 898 4
827 1008 8
828 88 7
828 176 6
828 355 1
828 510 1
828 634 1
828 714 2
828 804 6
828 836 7
828 936 6
829 110 9
829 227 3
829 424 4
829 458 9
829 514 6
829 600 7
829 657 3
829 675 2
830 67 1
830 393 1
830 494 5
830 749 1
830 990 5
831 8 6
831 93 8
831 347 4
831 557 1
831 566 10
832 163 3
832 203 2
832 372 3
832 933 2
832 941 8
832 1012 10
833 27 2
833 94 9
833 117 10
833 206 6
833 609 6
833 754 8
833 903 3
833 935 6
834 68 10
834 86 6
834 122 4
834 272 8
834 609 4
834 628 9
834 726 1
834 749 7
834 759 1
834 1016 5
835 43 9
835 44 5
835 420 1
835 570 7
835 629 10
835 783 3
835 893 6
835 899 4
836 66 4
836 105 8
836 187 5
836 448 4
836 1023 8
837 98 8
837 227 2
837 302 9
837 389 3
837 562 9
837 683 9
837 884 6
837 925 4
837 1002 10
838 148 3
838 207 7
838 598 7
838 695 9
838 771 5
838 803 8
838 915 5
838 951 5
838 961 4
838 968 3
838 1009 1
839 410 4
839 540 9
839 895 2
839 915 8
839 1016 6
840 59 5
840 260 4
840 348 4
840 474 1
840 566 7
840 582 3
840 696 9
840 823 10
840 921 3
840 945 3
841 27 8
841 89 1
841 97 10
841 104 1
841 259 1
841 609 3
841 967 7
842 33 9
842 372 1
842 455 4
842 934 8
842 1000 7
843 145 10
843 433 2
843 519 9
843 618 3
843 702 7
843 919 10
843 979 4
843 987 5
844 315 5
844 361 1
844 495 8
844 678 10
844 809 3
845 384 6
845 458 4
845 783 1
845 949 5
845 967 9
846 106 6
846 280 2
846 299 9
846 441 5
846 709 2
847 202 1
847 216 7
847 493 10
847 571 2
847 646 9
847 736 5
848 8 9
848 174 5
848 601 5
848 684 2
849 264 6
849 298 7
849 327 1
849 659 7
849 735 2
849 1017 5
850 59 3
850 350 4
850 510 4
850 573 5
850 618 7
850 807 1
850 844 8
850 886 9
850 942 5
850 1015 8
851 15 4
851 58 8
851 79 9
851 511 9
851 596 9
851 602 9
851 985 7
852 50 10
852 153 2
852 228 6
852 387 5
852 545 1
852 642 2
852 708 1
852 752 4
852 965 9
852 1007 9
853 2 4
853 290 5
853 429 10
853 456 10
853 499 10
853 651 6
853 703 3
853 718 4
853 721 2
853 894 5
854 26 3
854 100 2
854 304 9
854 424 1
854 478 6
854 546 6
854 639 9
854 825 6
854 853 6
855 15 7
855 93 2
855 96 8
855 195 9
855 208 9
855 395 4
855 400 1
855 421 3
855 486 4
855 835 4
856 288 1
856 305 2
856 326 10
856 671 8
856 703 3
856 904 9
857 117 7
857 124 8
857 488 4
857 569 2
857 570 1
857 849 8
858 4 4
858 357 3
858 384 9
858 1009 4
859 245 8
859 256 4
859 310 2
859 644 3
859 746 2
859 856 1
859 894 6
860 76 9
860 116 1
860 401 5
860 409 2
860 460 1
860 562 7
860 615 7
860 640 6
860 647 9
860 807 8
861 70 5
861 159 8
861 283 10
861 347 6
861 575 6
862 116 10
862 249 9
862 370 7
862 417 10
862 448 6
862 487 1
862 518 2
862 729 4
862 909 4
863 79 9
863 312 10
863 532 8
863 554 3
863 799 3
863 928 8
864 205 9
864 292 3
864 587 8
864 756 5
865 42 4
865 85 10
865 90 1
865 115 2
865 145 7
865 160 1
865 363 9
865 402 4
865 416 9
865 532 10
865 538 9
865 721 4
865 733 9
866 87 7
866 198 3
866 204 9
866 257 4
866 274 3
866 309 10
866 311 8
866 350 8
866 757 1
866 945 9
867 80 5
867 184 5
867 491 1
867 972 2
867 1022 3
868 202 3
868 386 1
868 478 9
868 790 8
868 809 10
868 864 9
868 921 9
868 1006 7
869 121 2
869 353 9
869 551 10
869 892 10
870 11 8
870 54 8
870 74 5
870 221 9
870 226 6
870 489 7
870 492 9
870 619 9
870 620 1
870 666 10
870 1012 8
871 65 1
871 90 10
871 108 8
871 415 5
871 433 7
871 530 8
871 755 9
871 852 1
871 860 2
871 869 1
871 912 10
871 1019 9
871 1024 1
872 101 8
872 159 9
872 306 9
872 723 1
872 748 9
872 862 8
872 885 10
873 133 7
873 280 7
873 281 7
873 613 7
874 177 4
874 278 5
874 463 5
874 506 2
874 534 8
874 1019 6
875 186 2
875 204 8
875 400 8
876 96 9
876 124 4
876 224 4
876 490 7
876 612 4
876 625 4
877 180 10
877 360 5
877 544 3
877 578 1
877 712 5
877 755 3
877 891 9
878 20 5
878 69 3
878 74 10
878 264 4
878 556 5
878 637 8
878 822 10
878 874 1
879 32 4
879 148 5
879 316 7
879 638 10
879 790 6
879 936 4
879 943 5
880 57 9
880 93 3
880 196 2
880 490 8
880 846 9
880 966 5
881 60 6
881 117 2
881 509 1
881 612 5
881 803 6
881 881 3
881 888 5
882 29 2
882 366 5
882 412 6
882 500 6
882 577 8
882 834 5
882 977 1
883 87 2
883 135 2
883 140 10
883 364 4
883 466 7
883 573 6
883 587 2
883 597 6
883 678 2
883 714 8
883 717 2
884 194 10
884 223 10
884 464 6
884 528 9
884 572 10
884 587 10
884 672 4
884 694 2
884 951 10
884 1014 1
885 57 9
885 123 5
885 146 7
885 165 3
885 344 9
885 469 4
885 643 10
885 663 8
885 744 8
885 746 1
885 950 9
886 70 1
886 334 2
886 337 4
886 469 9
887 144 8
887 160 6
887 514 6
887 553 1
887 935 3
888 49 8
888 72 2
888 251 4
888 300 3
888 306 1
888 380 4
888 679 4
888 687 4
889 8 7
889 247 6
889 321 6
889 371 5
889 377 2
889 569 3
889 751 7
889 770 10
889 774 6
889 875 9
889 945 8
889 1023 6
890 110 9
890 387 8
890 471 8
890 494 10
890 624 4
890 657 7
890 788 9
890 888 9
890 908 2
891 118 9
891 158 3
891 282 1
891 377 1
891 393 8
891 516 5
891 834 3
892 147 1
892 381 1
892 491 8
892 506 7
892 542 6
892 606 4
892 809 4
892 857 7
893 26 6
893 41 10
893 283 8
893 512 1
894 1 10
894 124 7
894 392 6
894 448 8
894 611 7
894 705 4
894 996 10
895 76 10
895 248 2
895 268 10
895 594 10
895 920 3
895 937 9
895 975 2
896 976 6
897 11 1
897 62 9
897 222 10
897 504 3
897 596 2
897 955 10
897 998 10
898 5 8
898 372 7
898 404 5
898 532 1
898 780 5
899 322 10
899 345 3
899 398 3
899 665 3
899 831 4
899 841 9
899 850 8
899 883 2
899 917 5
899 1009 3
900 123 3
900 181 6
900 490 4
900 517 2
900 750 5
900 936 9
901 41 2
901 393 8
901 533 4
901 614 2
901 860 9
901 907 5
901 912 6
901 930 10
902 5 5
902 10 8
902 283 9
902 371 3
902 591 2
902 730 2
902 861 8
902 996 2
902 1004 6
902 1025 10
903 122 4
903 278 9
903 323 10
903 341 3
903 516 2
903 584 7
903 745 8
903 748 4
903 785 2
903 998 3
904 20 8
904 284 9
904 335 3
904 420 9
904 487 6
904 669 8
904 933 3
905 88 6
905 291 3
905 304 10
905 402 5
905 417 9
905 509 7
905 650 4
905 734 1
905 774 1
905 790 7
905 791 8
906 276 2
906 315 2
906 409 9
906 417 7
906 432 10
906 482 1
906 676 1
906 677 2
906 694 7
906 839 10
906 873 7
907 175 10
907 219 3
907 262 4
907 634 10
907 739 5
907 842 5
907 912 8
908 5 3
908 329 9
908 640 3
908 717 7
908 745 8
908 772 8
909 156 5
909 196 7
909 198 3
909 256 7
909 499 7
909 656 9
909 664 7
909 738 10
909 741 2
909 901 5
910 161 8
910 165 1
910 334 7
910 388 10
910 440 4
910 462 3
910 709 10
911 131 1
911 168 5
911 204 4
911 209 6
911 279 6
911 470 8
911 483 2
911 519 3
911 523 2
911 644 10
911 711 6
911 802 10
911 908 10
911 945 5
911 1024 4
912 113 6
912 459 9
912 523 3
912 539 4
912 609 9
912 704 9
913 375 5
913 403 10
913 483 5
913 854 2
914 103 2
914 161 2
914 249 1
914 421 6
914 453 6
914 492 10
914 576 8
914 793 2
914 992 3
915 137 3
915 165 8
915 176 3
915 225 5
915 253 10
915 460 6
915 517 6
915 560 7
915 574 6
915 626 5
915 711 3
915 722 1
915 872 2
916 55 1
916 97 3
916 511 5
916 524 1
916 568 3
916 722 9
916 806 10
916 881 8
917 22 2
917 711 2
917 830 9
917 1008 5
918 9 9
918 40 4
918 152 6
918 196 6
918 221 6
918 301 1
918 381 10
918 500 3
918 528 3
918 638 4
918 670 4
918 758 10
918 799 2
918 808 3
918 813 7
918 1001 6
919 117 5
919 174 8
919 262 10
919 274 6
919 417 2
919 440 6
919 455 6
919 820 7
920 183 5
920 205 8
920 271 4
920 296 8
920 534 1
920 559 2
920 735 2
920 903 9
920 1023 7
921 7 8
921 20 6
921 152 2
921 176 8
921 313 5
921 430 6
921 559 2
921 756 1
921 837 2
921 927 3
921 953 2
922 177 4
922 178 10
922 421 9
922 903 8
922 962 9
923 310 8
923 327 5
923 335 2
923 476 4
923 484 3
923 500 8
923 641 10
923 853 10
923 922 1
923 941 7
924 269 2
924 340 4
924 888 1
925 60 2
925 105 1
925 414 10
925 438 7
925 615 4
925 707 9
925 881 3
925 932 2
926 85 10
926 171 3
926 256 3
926 495 4
926 740 6
926 798 6
926 883 3
926 967 5
927 26 3
927 195 3
927 256 2
927 353 10
927 384 5
927 512 7
927 677 2
927 707 4
927 785 6
927 794 3
928 25 5
928 359 5
928 372 4
928 534 10
928 609 7
928 633 7
928 720 10
928 823 6
928 855 3
928 950 6
929 472 4
929 548 5
929 645 7
929 828 5
929 1023 10
930 99 1
930 272 8
930 481 5
930 778 6
931 272 3
931 559 1
931 568 10
931 684 5
931 750 3
931 857 9
932 300 1
932 344 1
932 396 2
932 511 5
932 645 7
932 692 4
932 942 1
932 962 3
933 111 9
933 152 2
933 165 9
933 178 5
933 312 2
933 386 4
933 580 9
933 900 9
933 904 7
933 975 6
934 17 7
934 242 3
934 566 5
934 580 7
934 664 10
934 879 1
935 227 2
935 306 2
935 315 2
935 353 3
935 430 9
935 551 6
935 611 2
935 718 1
935 957 6
936 12 5
936 83 5
936 166 4
936 247 9
936 274 7
936 283 6
936 632 9
936 879 9
937 75 6
937 79 4
937 218 2
937 416 9
937 561 2
937 628 2
937 633 7
937 968 7
938 188 8
938 206 9
938 220 3
938 604 4
938 607 1
938 655 4
938 741 7
938 791 4
939 41 5
939 56 9
939 111 2
939 225 10
939 290 2
939 535 3
939 542 7
939 641 7
939 919 9
939 944 1
940 736 5
941 130 8
941 135 8
941 207 5
941 254 6
941 354 4
941 390 8
941 538 9
941 800 4
942 267 2
942 474 10
942 502 3
942 658 10
942 659 7
942 752 3
943 150 3
943 187 2
943 264 3
943 292 6
943 739 8
943 906 7
943 942 2
944 227 6
944 431 10
944 552 3
944 593 8
944 637 4
944 825 9
944 831 4
944 925 3
945 273 1
945 359 10
945 437 10
945 677 9
945 718 4
945 901 7
945 963 4
945 968 4
946 87 5
946 191 7
946 356 5
946 505 6
946 507 1
946 579 6
946 630 4
946 731 4
946 755 8
946 864 5
946 868 8
947 38 5
947 256 2
947 258 6
947 500 6
947 679 7
947 724 6
947 864 10
947 900 6
948 64 9
948 253 9
948 786 1
948 869 3
948 1024 9
949 5 10
949 111 4
949 148 9
949 241 6
949 420 10
949 542 2
949 598 1
949 622 6
949 713 9
949 833 5
950 200 3
950 240 1
950 326 2
950 388 6
950 391 4
950 479 10
950 481 10
950 550 4
950 616 6
950 678 3
950 751 1
950 848 4
951 42 2
951 159 6
951 181 3
951 216 7
951 229 7
951 278 3
951 299 8
951 614 1
951 688 2
951 811 9
951 1020 5
952 27 2
952 284 6
952 625 6
952 967 4
953 71 6
953 191 2
953 196 4
953 201 2
953 629 4
953 748 4
953 910 4
953 1014 10
954 81 10
954 204 5
954 508 1
954 633 5
954 997 10
955 8 4
955 133 5
955 222 3
955 255 7
955 405 1
955 447 8
955 652 3
955 662 9
955 837 10
956 15 2
956 219 1
956 299 3
956 524 3
956 594 5
956 691 5
956 752 8
956 797 1
956 923 8
956 935 4
957 155 4
957 212 3
957 342 7
957 393 7
957 718 6
957 925 10
957 940 8
958 192 7
958 424 4
958 508 1
959 79 1
959 131 4
959 365 6
959 426 6
959 494 8
959 576 2
959 652 8
959 750 5
959 860 6
959 975 8
960 60 5
960 72 8
960 94 8
960 275 7
960 370 2
960 465 3
960 767 3
960 781 1
961 612 5
961 641 10
961 715 6
961 820 8
961 974 4
961 984 3
962 98 4
962 159 10
962 298 2
962 306 4
962 489 6
962 732 8
962 782 4
962 876 9
962 893 1
963 29 9
963 32 4
963 75 10
963 196 10
963 381 1
963 443 5
963 480 5
963 735 8
963 888 9
963 978 4
964 421 5
964 460 7
964 528 5
964 698 9
965 93 10
965 154 6
965 491 3
965 997 1
966 213 1
966 338 10
966 358 5
966 387 5
966 438 6
966 448 6
966 493 7
966 741 9
966 847 3
966 1018 4
967 3 2
967 25 1
967 146 6
967 182 2
967 193 6
967 352 5
967 356 3
967 368 6
967 684 1
968 12 7
968 52 5
968 89 1
968 283 3
968 491 2
968 520 8
968 566 9
968 685 10
968 737 9
968 795 6
969 22 5
969 62 1
969 343 7
969 630 4
969 719 7
969 863 3
969 883 1
970 15 2
970 100 9
970 180 9
970 241 7
970 312 4
970 321 2
970 358 7
970 417 1
970 435 5
970 488 5
970 594 8
970 908 7
970 1017 10
971 17 8
971 31 6
971 347 7
971 409 9
971 562 8
971 933 10
972 3 8
972 185 6
972 620 9
972 777 6
972 940 2
972 987 5
973 145 8
973 374 10
973 466 1
973 965 5
973 1016 2
974 262 1
974 487 6
974 525 3
974 534 10
974 592 4
974 604 8
974 612 3
974 750 1
974 938 9
975 26 8
975 70 7
975 76 8
975 408 6
975 511 6
975 611 5
975 631 1
975 776 4
976 149 5
976 198 8
976 362 3
976 409 2
976 431 6
976 521 4
976 833 9
977 190 7
977 285 10
977 329 7
977 360 8
977 415 10
977 582 3
977 595 9
977 834 1
977 909 10
978 592 3
978 905 2
979 12 4
979 280 1
979 527 4
979 860 6
980 80 1
980 171 3
980 580 2
980 609 8
980 650 9
981 250 9
981 303 2
981 324 9
981 421 3
981 451 9
981 456 9
981 483 7
981 499 2
981 608 4
981 797 2
981 824 3
982 30 2
982 150 2
982 186 1
982 187 9
982 345 1
982 429 3
982 594 9
982 858 1
983 37 2
983 228 2
983 276 4
983 388 5
983 534 2
983 747 10
983 762 10
983 806 2
983 904 2
984 118 3
984 149 9
984 321 2
984 430 2
984 524 2
984 792 3
984 880 6
985 195 2
985 475 1
985 562 2
985 585 4
985 812 4
985 883 6
985 886 6
986 154 7
986 362 7
986 386 6
986 581 5
986 632 7
986 667 8
986 878 3
986 909 10
986 991 1
986 1014 4
987 213 3
987 238 8
987 268 7
987 682 2
987 932 9
987 1013 10
988 243 6
988 318 2
988 328 8
988 332 9
988 341 3
988 710 2
988 822 1
988 883 10
988 1014 3
989 121 1
989 186 1
989 729 8
989 769 6
989 830 8
989 839 3
990 115 2
990 778 4
990 932 10
990 961 8
990 1024 3
991 17 9
991 149 1
991 801 2
991 883 10
991 902 6
991 947 6
991 959 9
991 984 3
991 985 10
991 1012 7
992 145 2
992 330 5
992 616 8
992 762 2
993 308 3
993 374 2
993 527 5
993 542 6
993 795 1
993 805 9
993 828 8
993 839 4
994 234 7
994 322 4
994 329 1
994 425 1
994 587 7
994 615 7
994 725 1
994 830 7
994 926 9
994 954 1
994 997 9
995 274 2
995 504 2
995 694 4
995 772 7
995 830 10
996 109 8
996 112 8
996 448 7
996 497 2
997 52 2
997 63 6
997 92 5
997 124 7
997 202 10
997 254 9
997 278 4
997 483 2
997 633 7
997 649 1
997 652 7
997 653 5
997 674 6
997 781 10
997 788 6
997 814 5
997 921 6
997 926 8
997 939 1
998 126 6
998 172 8
998 389 9
998 521 7
998 545 10
998 736 4
998 842 5
998 988 9
999 198 2
999 199 3
999 264 7
999 295 5
999 370 6
999 535 5
999 656 9
999 769 2
999 839 6
999 896 9
999 945 5
999 988 7
1000 27 7
1000 64 8
1000 156 6
1000 161 2
1000 512 3
1000 702 5
1000 760 9
1000 808 7
1001 39 2
1001 96 6
1001 365 7
1001 504 7
1001 686 3
1001 704 7
1001 798 3
1001 973 4
1002 21 1
1002 217 9
1002 318 5
1002 668 4
1002 779 1
1002 845 3
1002 946 8
1003 82 7
1003 198 7
1003 503 8
1003 511 10
1003 537 4
1003 649 6
1003 1018 7
1004 151 1
1004 240 2
1004 742 4
1004 890 6
1005 242 5
1005 331 6
1005 458 2
1005 503 3
1005 524 5
1005 989 3
1005 1012 8
1006 122 3
1006 144 9
1006 196 3
1006 307 10
1006 337 3
1006 413 8
1006 498 2
1006 537 3
1006 540 4
1006 715 5
1006 742 4
1006 938 7
1007 2 2
1007 19 10
1007 220 5
1007 304 1
1007 603 9
1007 617 9
1007 740 6
1007 847 7
1008 86 1
1008 101 9
1008 279 10
1008 353 6
1008 382 4
1008 411 8
1008 667 9
1008 700 6
1008 706 2
1008 775 1
1008 793 6
1008 876 6
1008 927 1
1009 95 10
1009 162 5
1009 429 5
1009 463 9
1009 594 6
1009 704 7
1009 719 3
1009 835 2
1009 843 10
1009 918 9
1009 922 5
1009 1002 1
1010 207 5
1010 244 5
1010 350 2
1010 360 3
1010 528 10
1010 553 8
1010 740 3
1010 812 1
1010 1011 10
1011 162 10
1011 171 4
1011 217 7
1011 411 8
1011 441 1
1011 803 10
1011 878 10
1011 933 8
1012 236 5
1012 528 2
1012 625 9
1013 317 2
1013 647 8
1013 732 8
1013 831 9
1014 285 5
1014 376 10
1014 382 1
1014 521 6
1014 977 10
1015 17 5
1015 50 9
1015 343 4
1015 509 10
1015 516 10
1015 580 9
1015 629 1
1015 719 9
1015 839 3
1015 931 3
1016 114 8
1016 115 5
1016 398 6
1016 574 6
1016 599 4
1016 613 9
1016 771 5
1016 793 4
1017 197 8
1017 355 2
1017 583 7
1017 596 7
1017 606 3
1017 753 5
1017 818 6
1017 891 1
1017 1016 1
1018 126 7
1018 293 1
1018 453 6
1018 637 6
1018 690 8
1018 966 4
1019 154 1
1019 199 7
1020 326 5
1020 406 1
1020 442 9
1020 571 6
1020 773 4
1020 838 2
1021 107 3
1021 336 8
1021 392 9
1021 464 1
1021 476 1
1021 662 9
1021 690 5
1021 916 6
1021 934 7
1021 980 6
1022 283 3
1022 385 5
1022 423 10
1022 524 7
1022 797 10
1022 828 1
1022 967 7
1023 36 6
1023 102 3
1023 154 4
1023 405 3
1023 459 10
1023 655 10
1023 663 5
1023 863 8
1023 924 6
1024 144 6
1024 245 9
1024 418 1
1024 571 9
1024 582 2
1024 681 4
1024 709 8
1024 974 10
1024 1014 6
1025 41 8
1025 45 9
1025 145 10
1025 369 4
1025 694 7
1025 849 8
1025 865 6
1025 989 1

