33 384
1 4 117
1 12 161
1 14 27
1 17 16
1 19 113
1 21 55
1 23 181
1 24 2
1 26 123
2 1 126
2 2 148
2 3 66
2 9 200
2 14 162
2 17 111
2 18 60
2 20 132
2 21 33
2 22 143
2 26 140
2 30 83
2 31 179
3 5 88
3 6 67
3 7 122
3 8 112
3 10 146
3 11 90
3 13 20
3 14 174
3 16 196
3 17 136
3 18 86
3 21 174
3 32 104
4 7 150
4 11 28
4 12 84
4 13 152
4 20 103
4 24 161
4 26 99
4 27 168
4 30 160
4 31 13
5 1 30
5 3 20
5 4 96
5 6 63
5 7 114
5 9 35
5 11 97
5 16 92
5 17 74
5 18 163
5 20 13
5 21 138
5 22 108
5 25 102
5 26 157
5 28 34
5 33 50
6 2 44
6 6 71
6 12 175
6 14 147
6 17 21
6 31 3
6 32 182
6 33 172
7 4 57
7 5 143
7 6 22
7 8 24
7 9 102
7 12 186
7 18 53
7 19 73
7 20 82
7 26 67
7 28 138
7 29 68
7 30 163
7 31 181
7 32 142
8 5 77
8 9 194
8 13 79
8 14 137
8 15 47
8 18 187
8 19 170
8 21 48
8 29 30
8 31 40
8 33 23
9 2 129
9 4 60
9 5 177
9 8 110
9 11 183
9 13 33
9 14 4
9 21 157
9 22 8
9 23 58
9 25 142
10 2 12
10 3 82
10 4 175
10 8 31
10 12 20
10 14 43
10 15 193
10 18 200
10 21 136
10 22 22
10 25 145
10 26 166
10 28 158
10 29 144
10 31 104
11 2 79
11 3 191
11 4 133
11 5 70
11 12 165
11 13 13
11 14 82
11 16 93
11 18 75
11 23 64
11 28 77
11 29 78
12 1 20
12 7 84
12 8 135
12 11 114
12 17 48
12 18 17
12 20 88
12 22 78
12 26 188
12 27 82
12 28 22
12 30 187
12 32 169
13 1 43
13 2 84
13 3 134
13 11 200
13 14 27
13 16 37
13 19 78
13 24 169
13 25 122
13 27 100
13 28 134
13 30 86
13 31 181
14 2 178
14 6 160
14 9 196
14 16 55
14 18 190
14 19 16
14 20 90
14 23 124
14 33 81
15 2 137
15 3 92
15 4 120
15 5 14
15 6 79
15 9 2
15 13 36
15 14 18
15 21 122
15 24 78
15 27 101
15 33 8
16 8 30
16 10 127
16 11 196
16 12 59
16 16 95
16 18 69
16 20 158
16 22 180
16 23 155
16 25 138
16 27 158
17 1 66
17 7 134
17 10 12
17 15 55
17 18 101
17 22 101
17 23 131
17 24 181
17 26 190
17 29 22
17 33 52
18 3 3
18 7 53
18 9 53
18 14 190
18 21 22
18 23 127
18 29 68
18 32 74
18 33 134
19 7 49
19 12 200
19 20 129
19 23 107
19 25 46
19 29 198
19 32 65
20 7 178
20 8 104
20 14 154
20 15 87
20 17 169
20 21 87
20 22 50
20 25 24
20 26 139
20 27 102
20 33 154
21 1 71
21 2 91
21 3 127
21 10 123
21 12 46
21 17 179
21 20 175
21 24 35
21 25 152
21 31 53
22 3 54
22 6 25
22 8 186
22 10 102
22 11 176
22 12 115
22 13 9
22 16 22
22 17 64
22 18 25
22 19 151
22 20 167
22 22 178
22 24 37
22 26 135
22 33 65
23 2 86
23 4 158
23 6 3
23 7 139
23 9 63
23 11 74
23 13 30
23 16 190
23 19 148
23 21 75
23 22 120
23 23 122
23 24 61
23 26 72
23 33 127
24 2 115
24 4 96
24 6 112
24 7 16
24 10 72
24 12 178
24 15 176
24 16 45
24 19 193
24 21 200
24 24 195
24 26 159
24 28 178
24 30 183
24 31 46
24 32 194
25 1 20
25 7 155
25 8 148
25 9 158
25 11 18
25 12 21
25 13 139
25 14 7
25 17 168
25 18 165
25 19 126
25 23 42
25 24 26
25 27 197
25 30 120
26 1 140
26 4 45
26 7 31
26 12 107
26 15 116
26 18 161
26 19 83
26 20 160
26 21 153
26 27 82
26 29 106
26 30 112
26 31 59
27 4 40
27 5 109
27 8 4
27 15 59
27 17 63
27 18 152
27 20 168
27 23 32
27 29 124
27 32 59
27 33 38
28 1 44
28 3 23
28 8 116
28 9 37
28 10 48
28 12 64
28 13 156
28 15 139
28 21 60
28 22 186
28 26 46
28 27 175
28 28 146
28 29 128
28 30 86
28 33 51
29 4 9
29 5 191
29 7 162
29 11 20
29 15 182
29 16 70
29 17 23
29 27 40
29 28 84
30 5 174
30 12 160
30 18 116
30 21 98
30 22 18
30 25 105
30 28 141
30 29 40
31 6 172
31 7 177
31 14 40
31 16 36
31 17 84
31 21 178
31 24 47
31 26 69
31 29 23
31 30 22
31 31 167
31 33 150
32 2 107
32 5 17
32 7 111
32 9 50
32 14 130
32 21 82
33 5 183
33 7 151
33 9 56
33 16 175
33 21 34
33 25 182
33 29 134

