128 1672
1 2 2
1 7 2
1 9 5
1 20 4
1 22 5
1 29 8
1 34 5
1 35 9
1 36 3
1 40 4
1 42 7
1 55 4
1 61 6
1 65 7
1 118 2
2 3 1
2 6 4
2 7 8
2 14 7
2 59 5
2 63 4
2 65 1
2 66 9
2 74 1
2 77 10
2 82 3
2 84 6
2 96 10
2 98 1
2 107 2
2 109 9
2 112 2
2 128 3
3 8 3
3 13 7
3 15 9
3 20 2
3 26 1
3 29 7
3 35 5
3 36 6
3 38 3
3 46 10
3 56 2
3 57 9
3 63 3
3 64 4
3 66 4
3 70 2
3 74 1
3 78 9
3 87 5
3 99 1
3 113 7
4 7 6
4 10 10
4 11 1
4 33 3
4 45 2
4 46 1
4 62 4
4 71 10
4 79 4
4 83 8
4 90 5
4 106 10
5 10 6
5 15 6
5 23 10
5 26 3
5 37 2
5 49 7
5 54 7
5 55 3
5 81 8
5 89 8
5 92 5
5 95 2
5 99 1
5 105 6
5 108 4
5 120 9
6 10 1
6 14 4
6 52 7
6 58 8
6 60 6
6 87 9
6 89 10
6 91 7
6 100 1
7 16 5
7 35 8
7 40 4
7 49 2
7 50 2
7 51 5
7 65 9
7 70 8
7 73 4
7 79 3
7 90 1
7 125 1
8 19 2
8 21 4
8 22 10
8 36 1
8 44 8
8 67 3
8 73 1
8 89 6
8 91 6
8 97 2
8 100 8
8 118 2
8 125 10
9 7 5
9 15 9
9 23 1
9 40 6
9 56 7
9 57 1
9 80 2
9 85 4
9 91 7
9 104 3
9 107 6
9 111 1
9 118 3
10 3 5
10 13 7
10 24 8
10 27 5
10 29 7
10 41 9
10 42 8
10 50 8
10 70 9
10 73 6
10 75 1
10 89 1
10 104 3
10 111 6
10 117 4
11 4 10
11 15 9
11 16 4
11 29 6
11 30 7
11 46 6
11 49 1
11 75 3
11 90 6
11 94 2
11 95 7
11 102 2
11 117 6
11 121 2
11 128 5
12 13 10
12 17 8
12 20 1
12 31 7
12 34 2
12 69 7
12 70 7
12 72 10
12 87 6
12 91 7
12 100 7
13 3 6
13 25 10
13 31 9
13 34 4
13 41 3
13 45 10
13 49 2
13 52 8
13 59 5
13 62 1
13 74 3
13 80 7
13 83 3
13 89 1
13 91 10
13 105 1
13 126 4
14 11 7
14 14 4
14 31 8
14 39 8
14 41 1
14 46 8
14 49 5
14 55 3
14 56 6
14 62 3
14 68 2
14 78 2
14 82 2
14 89 10
14 91 9
14 108 1
15 18 10
15 49 4
15 57 5
15 58 9
15 64 8
15 69 3
15 74 5
15 79 8
15 102 7
15 104 3
15 106 2
15 110 7
15 119 2
15 120 3
16 6 3
16 24 10
16 42 6
16 54 10
16 56 7
16 60 9
16 65 10
16 67 3
16 77 1
16 90 5
16 97 6
16 98 4
16 101 8
16 103 7
16 104 5
16 105 7
16 119 9
17 6 4
17 12 2
17 20 3
17 22 2
17 42 9
17 48 7
17 49 8
17 51 6
17 54 4
17 59 10
17 78 8
17 80 2
17 106 1
17 111 2
17 116 4
17 117 10
18 4 9
18 26 6
18 35 8
18 44 7
18 54 5
18 57 1
18 107 9
18 111 9
18 127 6
19 14 2
19 19 7
19 22 4
19 24 6
19 32 5
19 37 2
19 39 1
19 42 6
19 51 6
19 54 2
19 58 5
19 67 3
19 73 1
19 74 2
19 85 6
19 88 10
19 104 1
19 107 9
19 108 10
19 115 4
19 121 3
19 127 1
20 6 3
20 15 10
20 24 9
20 35 9
20 43 4
20 44 9
20 50 8
20 61 4
20 62 6
20 100 1
20 117 10
20 118 1
20 126 9
21 6 6
21 17 4
21 29 9
21 34 4
21 60 9
21 63 3
21 70 8
21 74 1
21 90 3
21 94 1
21 97 8
21 99 5
21 114 2
21 117 7
21 121 4
21 124 7
21 126 1
22 5 7
22 54 9
22 78 10
22 108 7
22 118 10
22 119 5
23 2 7
23 14 9
23 23 8
23 42 4
23 48 1
23 51 10
23 53 4
23 55 9
23 57 5
23 67 7
23 69 10
23 78 8
23 79 7
23 80 4
23 97 7
23 99 10
23 127 8
24 7 10
24 24 7
24 27 2
24 41 3
24 44 5
24 49 8
24 63 9
24 66 7
24 82 6
24 84 8
24 101 8
24 105 2
24 106 7
25 21 2
25 50 8
25 58 7
25 62 2
25 73 3
25 108 7
26 2 1
26 4 6
26 12 6
26 15 7
26 20 4
26 30 7
26 32 7
26 36 10
26 52 2
26 58 3
26 61 1
26 64 9
26 66 2
26 70 8
26 74 3
26 85 4
26 89 4
26 92 10
26 113 5
27 3 1
27 31 5
27 34 2
27 37 10
27 45 8
27 51 10
27 66 2
27 79 7
27 87 6
27 97 3
28 55 9
28 64 2
28 70 5
28 96 4
28 109 9
28 126 1
28 127 9
29 2 7
29 11 7
29 14 10
29 27 8
29 32 2
29 54 1
29 55 7
29 58 5
29 87 10
29 88 9
29 92 1
29 95 5
29 97 10
29 98 5
29 106 7
29 108 6
29 119 6
30 3 7
30 4 3
30 12 7
30 41 10
30 52 9
30 63 4
30 84 4
30 87 9
30 94 5
30 105 8
30 119 2
31 5 6
31 25 8
31 32 2
31 33 2
31 40 7
31 42 1
31 63 10
31 72 8
31 73 3
31 82 8
31 88 2
31 106 2
31 122 8
32 1 2
32 15 7
32 16 9
32 22 6
32 51 5
32 52 4
32 63 3
32 66 1
32 70 6
32 83 9
32 88 10
32 102 6
32 118 2
32 122 3
32 128 4
33 24 9
33 26 10
33 28 7
33 37 6
33 55 10
33 68 10
33 72 7
33 83 6
33 90 2
33 92 8
33 96 3
33 98 5
33 103 5
33 114 6
33 128 8
34 25 2
34 42 8
34 47 6
34 50 10
34 53 5
34 59 1
34 63 5
34 69 8
34 99 1
34 126 2
34 127 8
35 1 3
35 2 9
35 13 2
35 23 5
35 36 2
35 47 2
35 52 7
35 80 10
35 100 7
36 1 6
36 3 1
36 8 3
36 39 1
36 41 3
36 54 1
36 55 5
36 58 7
36 63 7
36 64 10
36 71 4
36 78 1
36 79 9
36 90 2
36 105 2
36 107 4
36 111 2
37 7 7
37 10 3
37 12 2
37 13 8
37 15 10
37 25 4
37 27 7
37 44 1
37 56 1
37 72 10
37 104 2
38 5 7
38 12 2
38 17 10
38 19 2
38 24 2
38 32 3
38 41 4
38 56 4
38 63 5
38 77 10
38 89 10
38 95 1
38 111 9
38 114 6
38 116 1
38 121 10
38 124 7
39 3 3
39 9 3
39 26 10
39 41 9
39 42 5
39 44 1
39 46 8
39 58 6
39 68 7
39 69 6
39 83 9
39 92 9
39 96 8
39 99 2
39 113 5
39 114 9
39 116 2
39 117 8
39 124 10
40 5 4
40 19 3
40 23 6
40 35 10
40 41 2
40 46 7
40 47 10
40 54 2
40 60 4
40 78 1
40 83 1
40 86 10
40 91 5
40 93 5
40 94 9
40 112 5
40 119 1
41 16 2
41 28 2
41 34 7
41 49 10
41 68 10
41 75 5
41 84 10
41 94 7
41 101 6
41 110 4
41 113 5
41 114 7
41 123 3
42 14 6
42 29 2
42 38 5
42 39 3
42 42 1
42 44 6
42 50 10
42 54 3
42 77 9
42 83 3
42 88 5
42 98 10
42 111 5
42 115 9
43 9 4
43 10 5
43 38 5
43 52 5
43 57 8
43 73 8
43 82 3
43 84 9
43 91 7
43 93 7
43 103 8
43 105 3
43 111 4
43 118 1
43 119 9
44 23 3
44 31 5
44 33 7
44 49 6
44 52 9
44 57 9
44 63 9
44 64 6
44 74 10
44 75 1
44 91 5
44 96 3
44 108 7
44 109 6
45 8 9
45 43 7
45 50 1
45 51 3
45 88 1
45 96 5
45 97 3
45 99 8
45 104 9
45 105 1
45 112 5
46 3 5
46 6 9
46 28 9
46 33 1
46 64 1
46 84 8
46 87 3
46 110 6
46 111 6
46 116 8
46 121 6
47 6 4
47 9 8
47 14 4
47 21 4
47 26 8
47 28 8
47 32 8
47 39 6
47 48 5
47 49 6
47 55 2
47 63 5
47 64 10
47 104 2
47 107 2
47 114 2
48 19 2
48 35 10
48 38 5
48 44 8
48 49 5
48 55 3
48 58 6
48 62 7
48 69 3
48 78 5
48 84 9
48 85 10
48 88 10
48 95 8
48 115 6
48 123 4
48 124 6
48 128 1
49 3 9
49 5 5
49 10 10
49 17 6
49 19 3
49 66 4
49 70 3
49 89 4
49 121 8
50 1 2
50 19 6
50 41 9
50 46 6
50 54 7
50 55 9
50 62 10
50 71 4
50 73 5
50 103 4
50 107 1
51 1 1
51 13 6
51 17 6
51 24 1
51 31 8
51 42 7
51 44 10
51 46 5
51 74 2
51 100 7
51 105 5
51 119 10
51 120 2
52 27 4
52 34 7
52 49 4
52 67 7
52 74 9
52 76 9
52 78 6
52 96 3
52 109 4
53 10 7
53 11 8
53 13 2
53 14 5
53 21 9
53 30 7
53 32 1
53 35 2
53 42 10
53 46 3
53 57 9
53 83 7
53 101 3
53 108 8
54 13 3
54 15 4
54 19 2
54 44 5
54 76 1
54 83 6
54 84 6
54 86 2
54 92 1
54 103 3
54 106 7
54 113 9
54 119 1
54 123 5
55 21 5
55 61 3
55 70 1
55 73 1
55 80 2
55 82 4
55 91 7
55 94 10
55 107 3
55 111 9
55 115 3
55 125 2
55 128 1
56 4 4
56 11 8
56 12 5
56 22 1
56 42 10
56 55 8
56 65 3
56 96 6
56 99 8
56 100 10
56 107 2
56 111 1
56 125 3
57 9 6
57 17 9
57 19 1
57 31 6
57 43 6
57 53 7
57 58 1
57 60 8
57 75 9
57 78 2
57 86 1
57 111 7
57 126 4
58 20 3
58 24 5
58 38 8
58 47 6
58 60 7
58 78 1
58 80 3
58 96 3
58 121 4
58 127 5
59 23 3
59 34 8
59 83 10
59 92 10
59 99 9
59 104 3
59 105 3
59 107 1
59 113 10
59 119 3
60 22 4
60 28 6
60 43 8
60 44 10
60 47 8
60 65 5
60 79 1
60 89 1
60 104 8
60 110 7
60 116 6
60 125 2
60 126 4
61 19 4
61 28 8
61 40 10
61 62 6
61 69 2
61 72 5
61 73 1
61 80 6
62 2 7
62 13 8
62 18 8
62 25 8
62 34 7
62 42 2
62 46 10
62 51 9
62 70 2
62 76 5
62 87 2
62 96 9
62 104 2
62 105 4
62 109 6
62 112 9
63 7 6
63 34 8
63 51 6
63 60 2
63 86 4
63 88 9
63 91 7
63 101 9
63 104 6
63 112 9
63 116 4
64 9 8
64 13 3
64 25 5
64 29 5
64 30 9
64 44 4
64 51 2
64 60 6
64 67 2
64 70 4
64 73 8
64 75 3
64 80 7
64 86 2
64 89 6
64 98 5
64 111 5
64 123 9
65 8 2
65 10 3
65 12 6
65 15 9
65 20 10
65 22 10
65 24 4
65 30 9
65 33 6
65 36 2
65 43 6
65 57 4
65 65 6
65 66 5
65 80 6
65 81 2
65 82 10
65 87 6
65 106 7
65 108 3
66 1 2
66 3 1
66 5 8
66 11 1
66 21 3
66 40 6
66 55 2
66 65 8
66 94 10
66 112 6
66 114 9
66 119 3
67 4 1
67 14 4
67 28 2
67 49 10
67 55 3
67 79 5
67 88 10
67 108 9
67 110 9
67 115 8
67 121 2
67 128 4
68 3 2
68 19 10
68 25 7
68 26 3
68 29 5
68 39 5
68 42 8
68 69 8
68 88 5
68 92 7
68 104 8
68 108 7
68 123 3
68 125 1
69 5 5
69 11 2
69 15 7
69 33 3
69 39 7
69 51 9
69 54 8
69 59 10
69 62 8
69 78 1
69 86 6
69 91 10
69 115 9
69 117 4
69 125 7
70 7 2
70 8 9
70 34 8
70 44 3
70 50 5
70 55 3
70 57 10
70 75 2
70 76 10
70 80 7
70 85 6
70 89 6
70 100 7
71 7 3
71 12 8
71 15 7
71 19 9
71 21 2
71 36 5
71 37 3
71 38 10
71 55 3
71 56 10
71 71 9
71 98 3
71 110 10
71 112 4
71 117 2
72 5 10
72 13 8
72 20 8
72 34 4
72 40 8
72 41 7
72 52 8
72 57 3
72 58 9
72 69 7
72 72 6
72 73 8
72 87 6
72 90 1
72 104 6
72 105 2
73 1 5
73 11 5
73 13 8
73 44 5
73 45 8
73 51 5
73 60 7
73 76 7
73 81 7
73 88 9
73 96 5
73 104 9
73 116 10
73 120 1
74 2 10
74 7 10
74 26 8
74 30 9
74 40 5
74 45 5
74 50 6
74 52 2
74 62 9
74 81 4
74 88 1
74 111 6
74 122 4
75 4 6
75 45 7
75 54 1
75 66 7
75 83 3
75 89 5
75 95 6
75 103 8
75 106 3
75 111 10
75 114 6
75 115 9
75 127 9
76 2 4
76 5 6
76 21 7
76 25 4
76 29 6
76 53 9
76 54 5
76 59 5
76 63 7
76 87 1
76 91 1
76 92 2
76 103 2
76 118 10
76 122 8
76 125 2
76 126 7
76 128 1
77 1 7
77 5 3
77 21 1
77 22 5
77 24 8
77 38 7
77 51 1
77 55 7
77 65 1
77 72 2
77 73 4
77 89 2
77 90 10
77 103 10
77 105 7
77 128 7
78 12 5
78 20 2
78 21 7
78 35 9
78 70 8
78 75 5
78 88 1
78 93 8
78 104 9
78 120 2
79 1 9
79 21 6
79 58 6
79 61 6
79 62 8
79 65 4
79 74 10
79 75 10
79 100 9
80 6 7
80 13 6
80 38 1
80 39 5
80 50 7
80 79 2
80 81 9
80 90 8
80 105 2
80 116 8
80 118 6
80 125 10
81 9 4
81 21 9
81 47 8
81 57 2
81 71 6
81 75 2
81 76 2
81 83 5
81 85 10
81 118 5
81 125 4
82 6 5
82 19 2
82 31 1
82 32 4
82 39 6
82 55 10
82 60 3
82 66 6
82 72 9
82 78 1
82 84 8
82 97 5
82 103 9
82 125 9
83 20 3
83 24 8
83 60 2
83 65 2
83 68 3
83 70 3
83 71 5
83 80 3
83 82 2
83 85 8
83 88 8
83 100 4
83 111 1
83 115 4
84 10 3
84 12 8
84 26 7
84 35 10
84 46 9
84 75 9
84 95 5
84 106 6
84 113 9
84 121 8
84 123 3
84 124 9
85 4 10
85 11 10
85 17 3
85 37 8
85 49 9
85 57 8
85 62 7
85 67 2
85 68 1
85 74 9
85 84 7
85 87 8
85 96 1
85 103 8
85 112 7
85 115 10
85 123 1
85 127 8
85 128 5
86 22 6
86 23 7
86 40 4
86 45 7
86 55 7
86 62 2
86 67 3
86 79 3
86 95 10
86 100 10
86 106 5
87 3 10
87 14 1
87 28 5
87 29 3
87 32 10
87 35 5
87 57 2
87 77 6
87 85 8
87 88 2
87 90 4
87 101 4
87 128 1
88 2 6
88 16 4
88 22 8
88 54 7
88 56 6
88 58 7
88 82 2
88 90 3
88 105 3
88 107 7
88 108 1
89 9 9
89 17 8
89 25 4
89 43 3
89 51 10
89 86 5
89 108 10
90 17 9
90 30 6
90 43 6
90 49 3
90 53 5
90 57 2
90 66 4
90 101 1
90 107 9
91 1 8
91 3 6
91 4 5
91 16 8
91 28 4
91 36 8
91 61 5
91 89 2
91 101 5
91 105 3
91 121 5
92 9 8
92 13 5
92 20 1
92 42 8
92 51 6
92 66 9
92 70 3
92 74 8
92 78 8
92 94 8
92 108 9
92 112 8
92 118 3
92 126 4
93 16 1
93 31 9
93 39 5
93 60 6
93 68 1
93 83 6
93 98 5
94 4 9
94 6 10
94 8 3
94 15 2
94 17 9
94 20 9
94 39 3
94 50 3
94 77 2
94 85 10
94 100 2
94 102 8
94 121 10
94 125 2
95 1 3
95 7 8
95 27 4
95 38 3
95 46 7
95 47 3
95 55 3
95 66 5
95 91 7
95 117 7
95 122 7
96 16 6
96 24 3
96 32 2
96 56 8
96 57 8
96 64 7
96 80 6
96 98 7
96 122 1
96 127 7
96 128 7
97 3 1
97 24 2
97 28 2
97 56 2
97 62 1
97 64 3
97 65 2
97 66 10
97 74 6
97 86 6
97 92 10
97 100 2
97 115 8
97 125 8
98 2 4
98 12 1
98 13 2
98 14 1
98 45 9
98 48 10
98 59 6
98 66 1
98 74 2
98 92 3
98 99 9
98 103 10
98 104 9
98 113 7
99 4 10
99 25 7
99 29 4
99 37 2
99 49 8
99 58 5
99 60 6
99 63 8
99 73 9
99 76 7
99 85 10
100 11 7
100 20 2
100 64 1
100 68 8
100 77 2
100 78 8
100 93 1
100 101 2
100 104 2
100 121 1
101 10 2
101 13 1
101 25 8
101 26 2
101 29 4
101 35 3
101 48 2
101 50 3
101 56 1
101 58 9
101 85 4
101 87 9
101 103 2
101 117 6
101 121 7
102 20 8
102 32 1
102 62 6
102 74 8
102 87 7
102 94 7
102 97 4
103 13 10
103 14 7
103 29 1
103 36 1
103 52 7
103 57 2
103 85 4
103 98 8
103 102 4
103 118 5
103 119 10
103 125 2
104 4 9
104 13 4
104 21 4
104 27 10
104 35 8
104 80 6
104 81 8
105 3 2
105 27 4
105 35 1
105 40 9
105 49 2
105 70 10
105 71 9
105 98 10
105 108 8
106 3 7
106 8 8
106 11 1
106 18 6
106 25 7
106 33 4
106 36 9
106 49 3
106 60 5
106 86 2
106 108 2
106 124 10
107 23 9
107 27 3
107 33 1
107 50 7
107 59 6
107 75 4
107 80 6
107 85 6
107 86 1
107 93 6
107 98 9
107 112 5
107 122 6
107 126 7
107 127 8
108 16 6
108 67 7
108 69 7
108 81 5
108 89 3
108 93 7
108 112 5
108 122 10
109 1 3
109 7 8
109 18 8
109 24 5
109 31 4
109 46 2
109 49 8
109 50 4
109 55 10
109 64 10
109 70 6
109 85 6
109 87 8
109 110 2
109 122 3
109 127 3
110 4 2
110 9 8
110 29 1
110 35 8
110 50 6
110 67 9
110 70 6
110 71 3
110 109 5
110 117 4
111 22 7
111 29 7
111 34 2
111 35 3
111 36 8
111 49 4
111 60 3
111 70 8
111 80 10
111 84 8
111 95 9
111 101 7
111 108 3
112 15 10
112 22 9
112 27 9
112 50 7
112 60 6
112 65 10
112 79 9
112 89 10
112 101 3
112 120 9
113 3 2
113 18 1
113 37 6
113 61 10
113 63 8
113 68 10
113 72 4
113 98 3
113 113 8
113 118 2
113 122 5
114 3 2
114 7 9
114 16 8
114 45 4
114 48 6
114 64 8
114 74 4
114 85 6
114 88 6
114 95 6
114 103 5
114 119 4
115 4 6
115 7 3
115 8 1
115 15 7
115 19 4
115 63 10
115 71 10
115 84 2
115 88 1
115 89 2
115 107 9
115 115 2
115 118 1
115 122 8
116 23 5
116 24 3
116 27 7
116 31 6
116 37 9
116 38 8
116 48 5
116 60 9
116 77 4
116 87 2
116 88 6
116 109 7
117 4 10
117 14 3
117 24 4
117 36 6
117 44 9
117 60 2
117 63 9
117 71 9
117 73 8
117 88 2
117 104 1
117 110 9
117 112 5
117 113 3
117 116 2
117 127 5
118 17 5
118 31 2
118 36 2
118 40 9
118 47 7
118 57 10
118 65 5
118 67 5
118 77 7
118 86 1
118 99 3
118 100 10
118 101 4
118 123 10
119 34 8
119 49 5
119 53 3
119 60 2
119 69 1
119 70 1
119 71 5
119 78 9
119 86 1
119 87 2
119 90 2
119 95 1
119 103 3
119 104 8
119 109 4
119 122 4
119 125 2
120 3 8
120 10 6
120 24 5
120 31 8
120 32 2
120 35 4
120 42 4
120 46 6
120 63 10
120 70 6
120 96 1
120 112 2
120 118 10
121 7 10
121 18 9
121 21 4
121 31 4
121 43 2
121 66 6
121 74 6
121 75 6
121 94 6
121 122 7
122 3 10
122 4 7
122 7 9
122 18 2
122 25 6
122 34 4
122 41 5
122 47 7
122 54 3
122 64 2
122 73 1
122 78 1
122 86 3
122 92 6
122 95 4
122 99 1
122 118 6
122 121 10
122 127 1
123 3 9
123 25 1
123 32 2
123 39 7
123 41 6
123 53 8
123 61 9
123 64 2
123 72 3
123 74 6
123 78 9
123 83 1
123 119 5
124 11 8
124 17 2
124 55 8
124 60 3
124 63 5
124 69 3
124 73 10
124 86 8
124 93 6
124 103 2
124 109 8
124 113 9
124 121 8
124 122 3
124 125 1
125 3 5
125 6 2
125 14 3
125 20 3
125 27 4
125 42 6
125 43 9
125 49 10
125 58 3
125 64 9
125 74 3
125 98 8
125 102 7
126 9 3
126 23 8
126 34 1
126 49 10
126 50 9
126 90 1
126 92 3
126 104 6
126 118 3
126 119 4
127 4 3
127 12 8
127 15 5
127 44 2
127 54 8
127 64 4
127 71 4
127 102 10
127 126 8
128 19 8
128 21 2
128 34 10
128 39 1
128 42 8
128 64 1
128 73 2
128 74 2
128 89 1
128 96 6
128 100 9
128 109 7

