300 2795
1 27 10
1 31 9
1 35 3
1 48 1
1 280 10
1 299 5
2 12 5
2 18 6
2 127 4
2 131 8
2 170 2
2 207 7
2 242 3
2 262 3
3 22 7
3 65 2
3 137 9
4 29 3
4 73 1
4 218 7
4 248 6
4 249 6
4 297 4
5 78 9
5 149 9
5 224 9
5 243 8
5 250 9
5 272 5
5 297 6
6 29 4
6 53 6
6 108 6
6 125 8
6 133 7
6 156 7
6 173 4
6 175 3
6 185 3
6 232 9
6 241 2
6 286 4
6 294 6
7 19 5
7 20 8
7 41 2
7 61 6
7 87 8
7 134 6
7 144 8
7 145 5
7 151 3
7 250 4
7 272 8
8 16 1
8 30 4
8 56 8
8 72 10
8 86 2
8 99 2
8 131 5
8 170 7
8 176 10
8 237 2
9 22 6
9 35 6
9 47 9
9 78 2
9 121 10
9 160 1
9 253 10
9 259 2
10 3 6
10 56 5
10 119 6
10 182 4
10 261 8
10 271 3
11 37 1
11 80 5
11 124 1
11 164 5
11 181 8
11 204 6
11 221 5
11 238 10
11 295 9
12 59 2
12 65 10
12 93 2
12 95 6
12 96 6
12 107 1
12 144 5
12 182 8
12 240 6
12 267 2
13 14 8
13 29 7
13 44 3
13 58 8
13 248 9
13 255 4
13 268 5
13 286 5
14 16 1
14 19 8
14 21 5
14 123 6
14 162 9
14 237 9
14 247 6
14 263 5
14 271 8
14 294 3
15 36 1
15 47 8
15 131 3
15 164 3
15 185 9
15 210 4
15 270 10
15 272 4
15 290 6
16 57 6
16 70 1
16 100 2
16 154 9
16 160 10
16 198 10
16 252 1
17 23 7
17 148 10
17 163 5
17 176 4
17 178 5
17 215 7
17 242 1
17 298 9
18 42 2
18 69 1
18 105 7
18 119 9
18 134 6
18 154 7
18 161 1
18 176 8
18 196 6
18 265 5
18 276 2
18 287 4
19 52 9
19 85 1
19 87 7
19 89 4
19 109 8
19 147 10
19 151 7
19 154 6
19 261 1
19 278 9
19 284 7
19 294 10
19 299 8
20 53 3
20 84 3
20 195 4
20 270 1
20 286 3
21 2 2
21 3 3
21 47 6
21 95 1
21 146 1
21 215 3
21 232 7
21 261 4
21 276 10
22 3 4
22 4 8
22 18 2
22 32 7
22 92 8
22 101 4
22 110 5
22 170 4
22 204 2
22 232 6
23 21 2
23 24 9
23 36 7
23 93 2
23 181 5
23 199 6
23 217 10
23 227 9
23 259 8
23 266 3
23 272 10
23 273 2
24 46 7
24 71 4
24 81 7
24 86 7
24 91 4
24 136 9
24 143 5
24 148 9
24 174 9
24 184 8
24 192 9
24 226 2
24 240 4
24 256 6
24 257 5
24 259 10
24 268 1
24 273 6
25 17 6
25 31 3
25 67 5
25 126 4
25 164 4
25 191 1
25 195 9
25 221 5
25 271 2
26 9 8
26 15 10
26 16 3
26 86 9
26 176 6
27 23 6
27 26 8
27 97 2
27 130 1
27 182 8
27 241 6
27 260 10
28 5 6
28 17 3
28 28 10
28 29 9
28 37 8
28 53 5
28 73 4
28 79 9
28 86 6
28 110 1
28 139 4
28 166 8
28 177 7
28 185 9
28 188 3
28 198 10
28 249 7
28 281 8
29 43 1
29 108 6
29 142 7
29 201 5
29 221 5
29 246 2
29 254 10
30 9 4
30 30 5
30 61 2
30 101 1
30 179 2
30 212 1
30 217 9
30 233 4
30 251 2
30 259 7
31 13 3
31 18 7
31 20 2
31 37 1
31 92 4
31 112 3
31 113 7
31 172 3
31 207 1
31 221 5
32 44 5
32 81 10
32 103 4
32 178 4
32 191 2
32 289 9
33 34 10
33 38 6
33 39 5
33 48 3
33 61 7
33 88 10
33 135 7
33 144 9
33 150 1
33 231 8
33 249 1
33 282 9
34 7 3
34 9 3
34 26 7
34 121 7
34 125 9
34 159 9
34 163 10
34 179 4
34 211 3
34 213 8
34 215 6
34 217 3
34 240 4
34 256 2
34 277 5
35 10 7
35 18 6
35 39 6
35 83 8
35 93 7
35 111 4
35 140 4
35 163 10
35 179 10
35 209 4
35 214 8
35 218 8
35 259 4
35 268 8
36 50 9
36 91 4
36 106 2
36 116 3
36 120 2
36 134 1
36 177 3
36 187 2
36 191 10
36 229 6
37 41 4
37 51 7
37 56 1
37 106 9
37 113 10
37 127 4
37 167 3
37 216 9
37 252 9
37 258 10
37 266 8
37 276 6
38 5 3
38 21 1
38 51 7
38 135 5
38 139 4
38 153 6
38 177 2
38 222 9
38 263 3
38 275 2
38 284 4
39 27 7
39 60 4
39 105 6
39 147 7
39 161 6
39 247 7
39 262 8
40 14 3
40 19 3
40 54 4
40 66 3
40 86 3
40 132 5
40 215 7
40 265 7
41 129 5
41 168 7
41 300 8
42 81 2
42 102 4
42 113 3
42 138 3
42 157 10
42 193 7
42 206 8
42 258 6
42 261 10
42 266 7
42 296 10
43 19 2
43 42 10
43 44 8
43 49 7
43 50 7
43 72 4
43 84 5
43 86 6
43 95 1
43 128 7
43 173 10
43 279 6
43 289 2
43 290 4
44 64 3
44 78 10
44 84 10
44 86 7
44 87 8
44 99 7
44 152 1
44 160 2
44 206 1
44 217 3
44 246 1
44 248 7
44 272 2
44 280 8
44 288 7
45 76 8
45 77 10
45 81 10
45 150 10
45 197 7
45 234 6
45 261 8
45 283 3
46 40 2
46 73 5
46 134 3
46 152 1
46 196 4
46 216 9
46 227 2
46 279 7
47 8 1
47 27 3
47 74 8
47 93 9
47 96 10
47 154 7
47 174 9
47 176 1
47 282 7
47 294 3
48 11 4
48 13 4
48 92 5
48 106 3
48 112 2
48 144 4
48 157 4
48 192 1
48 205 5
48 226 3
48 252 8
48 258 3
48 277 5
48 299 2
49 81 7
49 166 7
49 167 2
49 184 3
49 219 7
49 242 5
49 273 1
50 28 9
50 61 7
50 79 9
50 139 8
50 206 8
50 251 7
50 277 8
51 18 1
51 73 3
51 115 1
51 207 6
51 294 8
51 297 5
52 62 8
52 70 9
52 82 10
52 95 4
52 110 1
52 158 5
52 245 6
52 284 9
52 290 9
53 66 10
53 105 10
53 131 5
53 200 6
53 292 1
53 297 9
54 11 5
54 83 7
54 191 10
54 230 3
54 255 3
54 258 10
54 280 2
55 14 2
55 44 6
55 112 10
55 173 2
55 192 10
55 207 2
55 224 7
55 252 8
55 264 8
56 217 7
56 266 8
56 289 7
57 17 10
57 20 9
57 43 1
57 86 7
57 90 9
57 142 9
57 161 6
57 177 10
57 198 6
57 241 3
57 286 2
58 42 6
58 46 7
58 53 8
58 55 5
58 68 2
58 83 2
58 123 6
58 139 3
58 173 3
58 181 3
58 231 4
58 238 5
58 267 3
58 270 5
58 285 3
58 294 2
59 13 2
59 17 1
59 18 9
59 23 1
59 33 2
59 100 9
59 107 1
59 192 8
59 219 7
59 273 2
59 296 3
60 4 6
60 23 9
60 38 8
60 50 9
60 105 4
60 214 6
60 244 6
60 296 1
61 37 7
61 60 7
61 137 6
61 152 2
61 197 10
61 223 9
61 257 7
61 280 6
61 293 1
61 298 4
62 45 10
62 63 4
62 67 5
62 175 1
62 189 2
62 208 5
62 210 2
62 219 3
62 248 8
62 265 10
62 275 1
63 14 1
63 24 4
63 67 9
63 75 9
63 83 1
63 100 7
63 171 2
63 183 9
63 206 3
63 236 2
63 245 5
63 274 9
64 17 10
64 72 8
64 78 10
64 123 8
64 170 7
64 181 5
64 182 10
64 201 10
64 234 5
64 259 3
65 129 6
65 150 7
65 165 6
65 224 1
65 283 8
66 14 8
66 18 10
66 19 9
66 21 1
66 82 10
66 103 5
66 193 9
67 28 8
67 84 5
67 107 5
67 120 1
67 136 5
67 198 7
67 224 5
68 56 10
68 63 8
68 79 4
68 95 9
68 100 7
68 103 3
68 174 5
68 262 4
68 269 2
68 270 4
68 294 10
69 44 6
69 67 10
69 116 6
69 161 3
69 251 2
69 265 5
69 290 3
70 6 3
70 12 4
70 13 3
70 45 2
70 107 8
70 121 1
70 133 1
70 143 4
70 186 7
70 222 1
70 224 9
70 281 6
71 9 7
71 19 10
71 38 3
71 83 10
71 89 10
71 117 1
71 131 2
71 186 7
71 226 4
71 232 5
71 239 10
71 246 3
72 14 10
72 25 1
72 55 10
72 97 3
72 119 4
72 146 5
72 166 5
72 247 6
72 272 8
73 80 7
73 108 9
73 124 7
73 162 9
73 264 9
74 49 2
74 67 5
74 109 2
74 213 2
74 242 10
74 281 8
75 5 1
75 13 4
75 65 10
75 95 3
75 123 5
75 127 1
75 189 9
75 195 10
75 197 6
75 248 10
75 249 5
75 264 7
75 280 1
76 95 4
76 98 1
76 109 4
76 161 8
76 187 5
76 197 2
76 206 7
76 210 3
76 215 10
76 245 5
76 250 3
77 4 1
77 29 7
77 69 8
77 76 4
77 81 8
77 98 9
77 144 3
77 151 1
77 166 3
77 171 2
77 174 3
77 187 9
77 204 5
77 240 3
77 277 8
78 3 2
78 37 2
78 68 4
78 86 8
78 93 2
78 116 8
78 160 9
78 190 8
78 201 7
78 206 5
78 247 1
78 284 6
78 296 10
79 132 2
79 247 10
79 252 2
79 264 2
79 267 8
80 19 1
80 36 7
80 71 8
80 75 10
80 164 10
80 183 8
80 226 4
80 236 3
80 241 2
80 280 4
80 287 7
80 294 4
81 7 3
81 95 10
81 130 7
81 145 7
81 173 8
81 194 9
81 289 6
82 70 8
82 77 8
82 80 2
82 90 2
82 93 8
82 138 9
82 189 1
82 249 9
82 280 9
83 1 5
83 13 3
83 80 8
83 141 5
83 155 9
83 232 5
84 3 6
84 20 10
84 72 4
84 79 1
84 93 5
84 102 7
84 165 4
84 180 3
84 192 2
84 196 9
84 209 3
84 261 9
85 45 5
85 93 2
85 114 9
85 115 2
85 179 9
85 201 8
85 210 5
85 225 10
85 236 7
86 10 4
86 49 3
86 53 5
86 55 4
86 82 7
86 108 9
86 112 1
86 214 3
86 220 10
86 259 8
87 6 9
87 76 1
87 108 1
87 117 9
87 140 5
87 143 10
87 147 5
87 181 8
87 235 1
87 247 3
87 248 10
88 40 1
88 94 9
88 137 1
88 155 9
88 268 10
88 285 9
88 300 6
89 41 4
89 61 10
89 85 2
89 149 9
89 156 4
89 282 9
89 289 2
90 35 2
90 45 9
90 105 5
90 113 5
90 176 8
90 199 2
90 216 3
90 223 9
90 252 4
90 258 3
90 266 3
90 272 3
90 282 7
90 291 2
91 7 6
91 18 1
91 36 1
91 47 6
91 117 9
91 156 3
91 210 7
91 215 10
91 275 3
91 280 2
92 11 6
92 24 5
92 33 6
92 50 4
92 81 8
92 101 6
92 114 6
92 225 2
93 7 4
93 70 10
93 113 6
93 118 2
93 119 3
93 181 10
93 197 2
93 216 6
93 219 4
93 298 6
94 6 1
94 24 3
94 43 8
94 94 6
94 112 3
94 129 10
94 195 3
94 196 4
94 208 5
94 210 9
94 283 5
94 285 7
94 299 3
95 15 10
95 51 3
95 59 8
95 99 4
95 148 1
95 174 3
95 284 1
96 42 4
96 113 6
96 125 2
96 143 9
96 149 9
96 159 6
96 198 10
96 216 2
96 229 1
96 247 3
96 289 8
97 24 3
97 84 5
97 113 7
97 149 8
97 270 10
98 31 8
98 48 3
98 132 5
98 184 4
98 222 1
98 272 9
98 288 1
99 7 3
99 10 9
99 39 3
99 58 10
99 120 4
99 127 5
99 137 4
99 142 6
99 183 8
99 190 10
99 233 9
99 238 8
99 251 10
100 61 4
100 108 7
100 116 2
100 134 4
100 160 2
100 161 1
101 32 9
101 53 8
101 92 9
101 99 6
101 128 7
101 207 6
101 245 8
101 273 3
102 2 2
102 38 1
102 39 2
102 81 2
102 87 3
102 111 10
102 112 6
102 133 5
102 161 5
102 182 3
102 190 8
102 191 10
102 198 10
102 204 9
102 241 8
102 245 10
102 287 9
102 290 1
102 291 8
103 2 10
103 33 6
103 38 9
103 43 2
103 44 4
103 55 9
103 60 10
103 62 2
103 74 7
103 94 7
103 151 1
103 157 10
103 186 8
103 192 1
103 218 1
104 6 1
104 18 6
104 29 2
104 74 9
104 133 10
104 177 8
104 205 1
104 206 9
104 216 7
104 230 2
105 62 8
105 76 6
105 103 1
105 109 6
105 122 8
105 175 1
105 239 7
105 247 5
105 253 1
105 265 10
106 17 1
106 23 9
106 136 9
106 173 4
106 202 8
107 11 7
107 66 4
107 92 7
107 118 7
107 191 7
107 222 9
107 238 7
107 268 4
107 294 2
108 19 5
108 37 5
108 85 9
108 113 7
108 153 3
108 173 7
108 187 9
108 195 10
108 226 2
108 239 1
108 269 7
108 293 1
109 3 1
109 64 5
109 71 5
109 73 2
109 75 4
109 80 7
109 99 2
109 136 4
109 174 10
109 189 9
109 218 1
109 242 6
109 275 7
110 30 7
110 40 4
110 59 5
110 81 5
110 90 7
110 103 6
110 165 2
111 16 1
111 27 6
111 51 8
111 75 5
111 108 2
111 110 8
111 123 5
111 232 5
112 14 9
112 64 3
112 128 5
112 173 1
112 242 8
113 54 2
113 59 4
113 86 1
113 100 8
113 103 6
113 104 7
113 115 10
113 135 6
113 185 9
113 204 5
113 241 3
113 295 5
114 50 10
114 134 9
114 154 1
114 214 6
114 248 7
114 259 4
115 1 8
115 20 2
115 61 2
115 74 2
115 96 6
115 139 1
115 171 8
115 177 10
115 247 9
116 122 1
116 138 7
116 156 2
116 221 10
116 231 10
117 42 5
117 77 2
117 104 9
117 140 10
117 141 8
117 146 8
117 155 8
117 206 6
117 246 4
117 250 2
118 48 2
118 86 3
118 98 10
118 109 5
118 168 10
118 191 8
118 196 8
118 199 7
118 202 10
118 217 1
118 219 1
118 239 7
118 251 2
118 284 10
118 299 6
119 9 10
119 64 2
119 97 4
119 130 1
119 157 1
119 172 3
119 267 8
120 32 5
120 33 2
120 52 9
120 93 2
120 108 9
120 123 6
120 138 10
120 178 5
120 193 7
120 246 3
120 261 7
120 272 9
121 1 7
121 30 9
121 70 6
121 89 5
121 107 5
121 116 7
121 140 7
121 218 7
121 291 3
122 10 8
122 20 7
122 35 9
122 56 10
122 70 10
122 76 2
122 81 10
122 92 1
122 97 7
122 127 7
122 138 5
122 147 8
122 167 6
122 193 8
122 232 8
122 235 3
122 257 7
123 7 2
123 15 10
123 52 2
123 68 1
123 78 10
123 93 8
123 153 9
123 174 5
123 175 4
123 193 5
123 239 2
123 240 1
123 294 4
124 19 4
124 61 8
124 99 10
124 118 4
124 138 7
124 174 1
124 255 8
124 283 9
125 66 1
125 72 4
125 110 7
125 132 7
125 161 3
125 177 4
125 217 5
125 227 10
125 238 7
125 259 3
125 271 4
125 286 8
125 292 4
126 26 4
126 28 7
126 89 4
126 126 4
126 135 3
126 176 7
126 204 10
126 278 4
127 67 9
127 73 3
127 92 10
127 103 7
127 219 4
128 54 5
128 132 5
128 225 5
128 272 4
128 297 3
129 78 5
129 95 9
129 132 10
129 191 4
129 195 1
129 251 5
129 274 8
129 278 3
129 298 1
130 28 2
130 69 6
130 135 10
130 146 8
130 161 1
130 203 6
130 211 1
130 264 6
130 271 1
130 280 9
131 29 5
131 40 6
131 50 8
131 63 8
131 72 7
131 141 4
131 166 1
131 181 2
131 193 10
131 197 5
131 203 7
131 214 3
131 256 2
131 268 6
132 17 4
132 28 5
132 33 6
132 38 8
132 76 4
132 89 10
132 109 1
132 152 7
132 157 7
132 191 10
132 256 4
132 300 7
133 108 8
133 135 6
133 157 4
133 195 8
133 240 5
133 272 9
133 295 5
134 47 2
134 114 8
134 157 2
134 257 7
135 7 10
135 48 3
135 63 6
135 70 5
135 78 9
135 158 10
135 160 8
135 176 6
135 199 5
135 201 4
135 203 2
135 273 3
135 295 7
136 22 3
136 136 3
136 161 5
136 196 10
136 199 4
136 278 1
136 283 8
136 296 1
137 2 6
137 44 2
137 134 10
137 158 2
137 164 2
137 174 5
137 204 3
137 297 9
138 10 6
138 102 1
138 164 8
138 187 10
138 193 9
138 195 4
138 225 10
138 244 10
138 284 3
138 290 8
139 24 5
139 40 6
139 54 1
139 111 7
139 178 4
139 180 3
139 201 1
139 263 9
139 290 2
140 40 6
140 61 9
140 84 10
140 134 9
140 155 6
140 158 3
140 217 8
140 219 8
140 239 4
140 241 4
140 245 2
141 38 4
141 39 1
141 59 3
141 69 3
141 70 2
141 71 3
141 132 7
141 146 4
141 150 2
141 162 9
141 171 1
141 218 8
141 222 7
141 249 1
141 290 4
142 5 10
142 57 3
142 87 6
142 109 10
142 208 7
142 213 4
142 225 8
143 47 6
143 77 2
143 251 4
144 9 10
144 97 1
144 132 3
144 159 3
144 193 7
144 206 4
144 225 8
144 290 7
145 4 8
145 9 10
145 25 1
145 76 2
145 108 6
145 188 6
145 238 4
145 261 7
145 271 6
146 1 1
146 15 3
146 37 8
146 44 7
146 108 4
146 111 2
146 137 4
146 166 4
146 252 8
146 257 7
147 16 3
147 68 5
147 131 8
147 146 8
147 163 4
147 171 9
147 200 10
147 201 8
147 218 5
148 8 4
148 53 7
148 71 3
148 124 1
148 278 7
148 287 5
148 292 3
149 9 4
149 13 10
149 19 8
149 39 2
149 50 7
149 57 10
149 85 4
149 112 4
149 184 8
149 199 8
149 205 8
149 214 2
149 251 3
149 288 5
150 25 10
150 36 5
150 96 2
150 103 8
150 155 3
150 226 7
150 293 8
151 32 2
151 41 7
151 56 4
151 75 7
151 88 3
151 156 8
151 272 10
151 295 9
152 4 3
152 45 4
152 51 3
152 140 2
152 165 1
152 201 4
152 205 1
152 231 2
153 13 10
153 16 4
153 108 10
153 111 9
153 119 1
153 128 3
153 133 1
153 159 8
153 190 2
154 66 7
154 155 1
154 214 1
154 217 9
154 220 7
154 234 10
154 239 3
154 295 3
155 55 3
155 59 9
155 85 8
155 110 3
155 163 8
155 179 6
155 187 5
155 216 1
155 229 10
155 291 8
156 7 3
156 52 6
156 86 8
156 117 5
156 136 7
156 168 4
156 194 6
156 198 7
156 199 6
156 234 8
156 272 9
156 289 5
157 28 1
157 73 5
157 99 5
157 158 2
157 168 6
157 220 2
157 248 3
157 278 8
158 8 6
158 172 6
158 181 6
158 217 5
158 238 10
159 46 4
159 55 3
159 73 6
159 103 6
159 107 4
159 164 5
159 215 9
159 252 9
159 283 5
159 288 3
159 290 7
159 298 8
160 142 10
160 179 5
160 181 5
160 229 7
160 249 3
160 257 10
160 287 9
161 1 10
161 68 4
161 92 2
161 143 5
161 160 7
161 245 5
161 251 2
162 31 5
162 38 2
162 69 9
162 106 9
162 120 1
162 145 4
162 221 1
162 265 6
163 48 10
163 135 7
163 165 10
163 170 8
163 199 5
163 215 4
163 228 2
164 12 4
164 13 3
164 44 1
164 57 8
164 92 10
164 98 9
164 102 3
164 121 9
164 181 7
164 266 2
164 272 4
164 274 9
164 295 6
165 16 3
165 22 5
165 41 9
165 58 7
165 98 6
165 138 9
165 229 7
165 240 6
165 283 3
166 11 10
166 23 3
166 27 2
166 30 6
166 38 4
166 104 1
167 29 2
167 34 10
167 60 2
167 75 7
167 87 4
167 124 2
167 135 5
167 195 3
167 230 2
167 294 9
168 32 1
168 41 8
168 78 10
168 83 7
168 124 8
168 159 7
168 165 9
168 171 2
168 245 7
168 300 7
169 5 9
169 65 5
169 69 5
169 82 4
169 138 7
169 149 6
169 192 8
169 195 10
169 234 3
169 236 4
169 247 10
169 254 5
169 285 3
170 14 3
170 28 3
170 49 6
170 55 6
170 86 9
170 126 1
170 174 7
170 218 7
171 42 3
171 95 5
171 96 6
171 169 9
171 178 4
171 194 4
171 200 9
171 206 8
171 254 10
171 290 7
172 16 6
172 41 5
172 160 2
172 165 2
172 215 3
172 282 9
173 40 9
173 43 3
173 59 2
173 70 2
173 92 4
173 139 6
173 172 6
173 207 7
173 211 10
173 245 4
173 255 2
174 20 9
174 31 4
174 40 9
174 69 5
174 92 6
174 126 5
174 144 3
174 157 7
174 158 8
174 192 6
174 195 5
174 213 5
174 255 6
174 258 2
175 18 1
175 29 2
175 49 5
175 50 2
175 54 4
175 79 3
175 81 2
175 112 6
175 160 4
175 215 6
175 258 10
175 259 1
175 271 3
176 6 8
176 30 1
176 59 6
176 72 9
176 134 9
176 168 1
176 199 7
176 253 5
176 254 7
176 270 3
177 40 7
177 45 3
177 95 3
177 124 5
177 164 9
177 167 7
177 191 10
177 244 10
178 5 9
178 73 1
178 150 4
178 214 2
178 224 4
178 250 9
179 10 6
179 54 2
179 64 2
179 73 3
179 84 3
179 96 3
179 134 5
179 172 10
179 193 5
179 206 3
179 216 8
179 234 3
179 284 3
180 33 7
180 90 9
180 105 1
180 139 1
180 148 8
180 209 5
180 231 3
180 258 2
180 296 4
181 6 2
181 19 1
181 46 5
181 56 10
181 75 3
181 88 9
181 100 4
181 121 8
181 158 9
181 185 1
181 195 1
181 204 10
181 213 3
181 220 3
181 238 4
181 283 7
181 298 4
182 1 8
182 21 9
182 46 4
182 115 2
182 150 2
182 164 10
182 247 1
183 92 2
183 94 10
183 107 8
183 153 7
183 174 5
183 206 9
183 254 2
184 32 6
184 130 1
184 148 6
184 184 7
184 189 5
184 227 6
184 284 10
185 84 4
185 149 4
185 163 10
185 164 5
185 195 4
185 200 2
185 260 9
186 5 7
186 30 1
186 108 3
186 190 7
186 212 9
186 275 6
186 299 8
187 4 2
187 85 7
187 119 10
187 154 6
187 182 8
187 222 9
187 226 2
187 291 2
188 53 9
188 148 5
188 150 7
188 203 9
188 249 10
188 259 4
188 268 5
189 8 6
189 51 5
189 64 9
189 71 1
189 187 7
189 211 3
189 241 6
189 245 10
189 266 3
189 278 5
190 2 10
190 30 5
190 69 1
190 76 9
190 108 10
190 231 10
191 37 2
191 82 6
191 93 10
191 128 7
191 130 4
191 148 8
191 153 10
191 204 7
191 295 7
192 28 4
192 58 4
192 100 7
192 139 6
192 167 9
192 234 4
192 258 1
193 54 3
193 61 2
193 69 3
193 84 1
193 93 6
193 102 9
193 107 1
193 113 8
193 139 3
193 217 10
194 5 5
194 22 3
194 78 10
194 115 6
194 121 4
194 161 2
194 233 2
194 271 3
194 281 8
195 6 7
195 102 3
195 143 8
195 154 5
195 186 1
195 187 3
195 206 8
195 257 9
195 274 8
195 284 8
196 10 2
196 21 10
196 24 1
196 49 5
196 171 3
196 222 1
196 273 2
197 26 1
197 51 3
197 59 10
197 96 5
197 119 3
197 123 6
197 126 9
197 178 2
197 207 1
197 232 2
197 248 5
197 252 4
198 1 7
198 19 5
198 104 10
198 136 1
198 151 4
198 155 5
198 203 1
198 209 6
198 266 4
198 276 1
199 2 4
199 81 2
199 111 3
199 114 5
199 115 4
199 147 9
199 219 7
199 233 6
199 237 1
199 277 9
199 284 9
199 288 2
200 28 3
200 30 1
200 104 7
200 117 3
200 135 4
200 146 7
200 153 5
200 164 1
200 188 1
200 216 3
200 225 5
200 287 2
201 11 3
201 59 8
201 101 8
201 103 3
201 145 5
201 206 2
201 213 5
201 263 10
202 22 5
202 31 9
202 47 5
202 59 8
202 90 8
202 120 1
202 186 5
202 206 8
202 212 2
202 272 3
203 29 9
203 32 6
203 67 5
203 96 7
203 112 9
203 130 1
203 136 3
203 140 5
203 145 1
203 170 3
203 173 7
203 188 7
203 225 5
203 233 9
203 234 6
203 265 4
203 275 3
203 284 10
204 13 5
204 50 7
204 52 2
204 82 1
204 183 6
204 191 6
204 222 10
204 228 3
204 283 8
205 17 5
205 24 2
205 33 9
205 110 9
205 154 2
206 25 5
206 33 6
206 40 8
206 68 5
206 135 6
206 258 10
206 297 9
207 68 8
207 102 5
207 138 5
207 144 4
207 195 1
207 207 5
207 226 1
207 262 4
208 31 7
208 41 2
208 52 1
208 107 3
208 120 3
208 153 3
208 166 8
208 178 8
208 215 3
208 221 2
208 248 6
208 270 9
209 20 3
209 62 6
209 72 7
209 102 6
209 204 2
209 217 2
209 221 3
210 50 6
210 134 9
210 178 3
210 181 6
210 188 6
210 247 9
211 75 10
211 95 1
211 96 9
211 104 4
211 121 3
211 167 4
211 288 2
212 78 5
212 91 4
212 95 5
212 101 9
212 135 7
212 152 4
212 162 7
212 202 1
212 227 8
212 261 4
212 290 9
213 25 2
213 49 1
213 62 7
213 108 8
213 133 3
213 140 9
213 202 10
214 155 10
214 223 9
214 235 4
214 240 6
214 244 5
214 245 2
215 15 7
215 77 7
215 145 2
215 163 3
215 182 10
215 197 6
215 219 4
215 279 6
215 289 9
215 291 10
216 4 4
216 53 7
216 110 6
216 123 2
216 153 7
216 169 3
216 185 5
216 205 7
216 271 4
217 63 8
217 115 4
217 155 1
217 174 10
217 213 4
217 221 3
217 222 1
218 19 2
218 31 6
218 71 6
218 110 8
218 131 8
218 137 5
218 138 5
218 156 9
218 164 7
218 206 6
218 231 6
218 240 2
218 286 1
218 291 7
219 4 2
219 14 4
219 27 3
219 124 7
219 212 6
219 234 2
219 272 1
219 288 2
220 14 8
220 40 4
220 48 1
220 71 1
220 73 7
220 76 10
220 136 6
220 179 9
220 208 3
220 231 8
220 251 4
220 271 10
220 274 7
220 294 3
221 42 4
221 98 1
221 140 4
221 152 2
221 191 8
221 214 1
221 226 4
221 271 8
222 43 7
222 54 7
222 60 4
222 79 10
222 123 5
222 141 1
222 190 3
222 220 5
222 232 4
222 239 10
222 254 10
222 266 5
222 267 3
222 268 6
222 278 6
222 297 10
223 27 6
223 96 8
223 150 7
223 179 2
223 251 8
224 1 4
224 4 4
224 17 3
224 125 6
224 194 9
224 222 5
224 248 6
224 265 10
224 270 10
225 70 5
225 86 6
225 106 6
225 115 8
225 137 7
225 190 10
225 231 10
225 246 1
225 247 6
225 265 4
225 286 3
226 10 5
226 30 10
226 134 5
226 152 3
226 243 5
226 264 4
226 299 8
227 152 5
227 193 3
227 225 9
227 260 4
228 30 8
228 33 5
228 89 6
228 90 5
228 92 5
228 154 2
228 172 10
228 209 4
228 232 1
228 248 5
229 1 2
229 104 6
229 143 2
229 147 10
229 159 7
229 201 4
229 218 3
229 237 2
230 60 9
230 84 5
230 102 7
230 103 8
230 116 1
230 196 9
230 255 4
230 264 4
231 84 6
231 87 8
231 133 8
231 141 7
231 165 1
231 226 7
231 288 1
232 40 9
232 73 2
232 83 5
232 84 10
232 171 1
232 182 1
232 205 1
232 215 5
232 255 4
233 69 6
233 84 9
233 105 5
233 130 3
233 164 2
233 173 7
233 285 4
234 36 2
234 92 1
234 117 2
234 141 9
234 153 1
234 168 10
234 169 2
234 175 7
234 192 8
234 201 2
234 281 6
235 53 4
235 117 2
235 209 3
235 293 4
236 43 10
236 59 4
236 92 10
236 114 2
236 123 4
236 178 10
236 217 2
237 69 1
237 72 5
237 92 9
237 95 9
237 103 10
237 134 3
237 144 2
237 167 8
237 185 9
237 190 3
237 217 9
237 219 10
237 255 3
238 24 1
238 25 2
238 35 6
238 37 9
238 103 9
238 139 7
238 168 5
238 234 2
239 4 9
239 14 7
239 41 7
239 115 10
239 119 10
239 127 6
239 192 1
239 255 5
239 271 8
240 13 4
240 105 5
240 141 4
240 164 5
240 185 5
240 205 5
240 218 7
240 287 8
241 15 3
241 86 7
241 96 2
241 108 3
241 111 9
241 124 4
241 136 3
241 151 10
241 162 10
241 176 2
241 207 10
241 224 6
241 260 8
241 273 3
241 284 6
241 285 4
241 291 9
241 295 8
242 32 5
242 44 6
242 61 10
242 68 9
242 94 5
242 207 6
242 251 6
242 286 9
242 296 10
242 300 2
243 7 3
243 13 8
243 66 2
243 70 7
243 104 5
243 114 3
243 116 9
243 168 3
243 184 7
243 205 4
243 243 4
243 256 8
244 1 7
244 20 3
244 37 5
244 147 4
244 209 5
244 221 3
244 272 9
244 294 5
245 81 10
245 88 3
245 251 2
245 292 1
245 293 3
246 8 7
246 42 6
246 75 10
246 91 7
246 108 7
246 174 4
246 193 9
246 218 5
246 249 5
246 253 8
246 268 1
246 284 7
246 300 8
247 12 5
247 18 5
247 38 1
247 54 8
247 170 2
247 207 9
247 228 2
247 233 9
247 265 4
247 299 8
248 10 1
248 75 2
248 98 4
248 100 2
248 106 6
248 204 5
248 227 4
248 245 9
248 249 1
248 266 10
248 292 10
249 3 7
249 37 8
249 41 3
249 44 8
249 74 2
249 142 7
249 176 7
249 230 2
249 236 4
249 239 4
249 256 6
250 44 8
250 46 7
250 102 5
250 134 2
250 157 5
250 160 8
250 197 10
250 267 9
250 269 7
251 72 2
251 165 2
251 181 10
251 185 5
251 253 8
251 268 5
251 297 8
252 50 8
252 54 7
252 73 9
252 107 7
252 122 6
252 174 7
252 181 10
252 186 5
252 205 10
252 215 8
253 28 1
253 63 4
253 74 1
253 112 4
253 120 1
253 231 1
253 246 10
253 268 6
253 297 2
254 16 7
254 38 5
254 47 3
254 132 7
254 178 2
254 193 6
254 280 8
255 4 1
255 23 2
255 38 7
255 40 7
255 41 1
255 73 4
255 79 6
255 86 10
255 178 3
255 185 1
255 191 8
255 197 4
255 246 7
255 256 7
255 265 1
255 295 7
255 298 10
256 8 4
256 45 2
256 149 3
256 150 4
256 206 2
256 268 10
256 269 7
256 282 10
256 283 4
257 4 1
257 9 6
257 34 7
257 85 6
257 161 5
257 173 8
257 188 9
257 209 2
257 256 6
257 268 9
258 29 7
258 41 3
258 46 8
258 79 1
258 104 5
258 128 7
258 148 4
258 157 1
258 260 6
258 283 7
259 42 9
259 120 7
259 148 10
259 151 1
259 184 9
259 202 5
259 271 4
259 287 8
259 296 1
259 299 3
260 4 2
260 9 1
260 29 8
260 113 8
260 153 8
260 197 2
260 214 7
260 269 6
260 275 5
260 280 5
261 21 4
261 31 2
261 34 7
261 37 4
261 53 2
261 95 2
261 167 10
261 176 8
261 191 4
261 195 7
261 197 4
261 205 3
261 219 4
261 248 5
261 253 3
261 297 2
262 22 9
262 86 6
262 105 10
262 119 1
262 124 8
262 145 3
262 150 1
262 201 7
262 266 2
263 9 10
263 49 10
263 81 1
263 93 5
263 100 5
263 113 5
263 126 10
263 149 8
263 158 3
263 181 5
263 189 1
263 215 6
263 219 7
263 246 8
264 5 10
264 51 3
264 71 3
264 80 2
264 146 6
264 211 9
264 227 6
264 247 10
264 283 7
265 3 1
265 13 9
265 68 7
265 123 10
265 146 3
265 232 9
266 28 8
266 33 4
266 95 8
266 130 7
266 131 4
266 151 4
266 235 1
266 274 10
266 275 6
267 20 10
267 26 3
267 45 10
267 66 1
267 129 8
267 148 6
267 213 8
267 224 9
267 245 9
268 7 3
268 13 10
268 48 4
268 70 1
268 117 5
268 124 3
268 190 10
268 208 7
269 14 3
269 57 8
269 83 8
269 175 7
269 182 7
269 207 5
269 252 3
269 254 6
269 260 4
270 9 8
270 46 10
270 61 6
270 68 8
270 72 7
270 131 6
270 240 2
270 243 6
270 272 6
270 298 1
271 41 2
271 49 5
271 89 10
271 147 2
271 171 9
271 201 1
271 252 7
272 16 10
272 18 8
272 52 2
272 95 1
272 157 4
272 193 6
272 209 8
272 256 4
272 258 3
273 1 4
273 76 10
273 80 5
273 91 2
273 145 3
273 149 2
273 173 1
273 207 9
274 25 1
274 26 7
274 59 6
274 125 4
274 157 4
274 204 1
274 217 5
275 73 5
275 84 5
275 138 6
275 147 8
275 206 4
275 247 6
275 264 5
275 272 5
276 15 3
276 39 6
276 57 7
276 132 9
276 177 1
276 234 4
276 275 2
277 23 5
277 90 10
277 135 3
277 187 9
277 201 1
277 205 6
277 220 3
277 260 3
278 6 6
278 66 5
278 84 1
278 100 1
278 108 9
278 117 4
278 161 1
278 172 5
278 181 1
278 202 7
278 204 10
278 222 8
278 247 2
279 11 5
279 33 4
279 34 8
279 62 10
279 70 9
279 116 4
279 124 8
279 178 2
279 190 10
279 192 1
279 229 6
279 239 9
279 257 3
279 264 7
279 295 9
280 29 10
280 89 1
280 115 3
280 157 5
280 170 7
280 172 3
280 173 7
280 296 7
281 28 8
281 29 9
281 30 1
281 103 10
281 168 8
281 188 10
281 222 10
281 240 9
281 279 7
282 6 3
282 38 9
282 52 8
282 211 4
282 265 4
283 58 7
283 76 5
283 126 3
283 136 7
283 148 2
283 187 1
283 208 1
283 211 10
283 235 1
283 246 3
283 260 10
284 2 5
284 8 9
284 82 9
284 162 7
284 239 6
284 267 5
284 296 7
285 17 4
285 78 6
285 113 6
285 128 3
285 155 7
285 179 5
285 233 2
285 244 5
285 246 10
285 251 2
285 299 2
286 87 3
286 143 5
286 163 8
286 170 9
286 172 8
286 211 6
286 252 2
287 57 10
287 81 9
287 83 2
287 94 3
287 108 1
287 120 3
287 136 7
287 148 9
287 160 1
287 230 6
287 231 6
288 16 6
288 78 2
288 113 2
288 159 3
288 165 9
288 168 4
288 171 9
288 199 6
288 209 7
288 210 4
288 215 5
288 236 10
288 248 7
289 45 9
289 80 5
289 232 7
289 245 7
289 262 4
290 46 4
290 172 8
290 259 5
290 265 2
291 28 1
291 56 7
291 156 4
291 157 4
291 231 4
291 237 5
291 250 4
291 259 1
291 270 10
292 178 1
292 216 2
292 263 3
292 288 3
293 54 2
293 94 7
293 97 2
293 130 7
293 164 5
293 213 7
293 225 1
293 237 5
293 267 5
293 289 9
294 14 1
294 19 1
294 36 7
294 47 6
294 188 5
294 189 7
294 248 10
295 109 8
295 112 7
295 123 7
295 157 2
295 182 10
295 256 2
295 300 6
296 24 6
296 43 2
296 46 7
296 89 6
296 159 5
296 213 10
296 215 1
296 273 6
296 275 8
296 297 4
297 46 3
297 63 4
297 65 10
297 74 5
297 116 8
297 122 6
297 139 6
297 165 10
297 252 9
297 275 2
297 287 5
297 290 3
298 7 8
298 10 5
298 15 2
298 22 7
298 34 3
298 37 3
298 88 8
298 92 6
298 123 8
298 194 3
298 252 9
298 269 7
299 9 1
299 10 3
299 28 6
299 76 1
299 122 10
299 193 5
299 202 4
299 249 4
299 270 8
300 23 5
300 25 9
300 69 8
300 85 10
300 88 6
300 111 7
300 128 8
300 133 9
300 251 4
300 300 2

