256 1381
1 29 4
1 54 5
1 90 3
1 112 10
1 174 6
1 186 10
2 50 7
2 137 4
2 152 6
2 174 9
2 217 3
2 225 5
3 52 6
3 54 2
3 106 7
4 225 9
5 59 10
5 83 2
5 246 1
6 7 5
6 25 2
6 26 1
6 104 8
6 106 4
6 125 10
6 162 1
6 168 10
6 170 8
6 183 10
6 225 8
6 248 4
7 54 5
7 56 2
7 96 6
7 115 7
7 136 10
7 165 8
7 193 3
7 200 5
8 46 3
8 119 4
8 179 7
8 225 8
8 227 9
9 155 8
9 168 4
9 171 9
9 198 7
9 217 7
10 10 2
10 79 3
10 206 8
11 91 2
11 124 2
11 177 4
11 187 3
11 216 5
12 178 5
12 181 2
13 30 6
13 62 2
13 66 6
13 79 10
13 111 4
13 124 3
13 135 6
13 168 5
14 4 10
14 59 1
14 85 9
14 228 3
14 233 4
15 55 5
15 78 10
15 137 4
15 146 4
15 201 5
15 213 3
16 23 2
16 47 1
16 69 4
16 126 7
16 174 10
16 235 7
17 4 8
17 14 3
17 100 9
17 119 4
17 124 8
17 185 10
17 190 9
17 213 9
17 218 5
17 246 1
18 24 4
18 42 8
18 61 8
18 186 8
19 168 7
19 187 8
19 191 6
20 75 1
20 117 3
20 194 2
20 236 10
20 252 9
21 192 7
22 1 4
22 14 1
22 76 9
22 125 6
22 147 6
22 207 5
22 225 6
22 245 2
23 106 4
23 193 8
23 224 2
23 249 10
24 14 5
24 90 1
24 109 8
24 172 6
24 243 8
24 252 8
25 85 9
25 108 5
25 133 6
25 186 9
25 227 3
25 253 5
26 2 6
26 52 4
26 75 8
26 77 8
26 113 5
26 186 8
27 51 4
27 109 1
27 127 8
27 154 4
28 20 6
28 38 5
28 61 10
28 76 3
28 79 8
28 123 6
28 198 3
28 206 9
28 217 5
29 120 7
29 184 9
29 200 2
29 214 4
30 88 6
30 101 2
30 132 5
30 231 2
31 3 9
31 23 3
31 146 7
31 170 3
31 183 10
31 192 2
31 207 2
32 68 7
32 103 6
32 164 9
32 168 3
32 171 6
33 4 8
33 15 8
33 76 4
33 127 4
33 212 8
33 237 6
34 61 1
34 98 3
34 235 8
35 3 9
35 96 9
35 102 7
35 105 10
35 186 10
36 16 2
36 74 7
36 129 3
36 151 6
36 152 1
36 168 1
36 242 10
37 14 7
37 47 6
37 94 10
37 112 10
37 116 9
37 132 8
37 203 5
37 230 8
37 245 2
38 63 3
38 242 7
39 2 10
39 90 6
39 134 1
39 151 9
39 160 3
39 235 1
40 86 3
40 138 3
40 185 2
40 195 1
40 220 1
41 22 1
41 31 2
41 181 2
42 44 9
42 116 5
42 172 10
42 191 9
42 230 5
43 37 9
43 55 7
43 118 2
43 152 10
43 218 6
43 252 1
44 25 8
44 97 1
44 161 10
44 179 1
44 190 3
44 198 6
44 203 10
44 245 10
45 60 8
45 71 10
45 133 2
45 151 1
45 167 2
46 5 6
46 116 2
46 154 2
46 195 6
47 63 4
47 91 4
47 150 8
47 163 2
47 183 8
47 205 9
47 224 3
47 238 4
48 52 7
48 107 9
48 113 8
48 129 9
48 147 5
48 206 8
49 1 8
49 23 7
49 27 9
49 165 8
50 88 1
50 125 6
50 126 10
50 147 10
50 180 4
51 76 9
51 204 3
51 220 4
52 1 1
52 3 9
52 89 7
52 140 4
53 5 6
53 63 2
53 118 7
53 136 5
53 165 5
53 197 6
54 48 3
54 97 7
54 137 2
54 212 2
54 235 8
54 246 9
54 253 10
55 3 4
55 15 8
55 69 7
55 113 10
55 133 6
55 153 6
55 154 2
55 190 1
55 194 5
56 17 3
56 63 6
56 190 4
56 191 5
57 84 1
57 119 6
57 231 5
58 13 7
58 31 9
58 115 3
58 175 10
58 220 8
58 256 7
59 43 5
59 95 3
59 99 10
59 205 3
59 227 6
60 2 1
60 27 10
60 37 4
60 39 2
60 65 5
60 104 3
60 165 8
60 205 4
61 79 8
61 97 3
61 142 7
61 178 1
62 50 10
62 55 9
62 79 6
62 144 5
62 184 6
62 221 7
63 215 10
64 36 2
64 53 5
64 136 10
65 2 4
65 178 5
65 191 7
65 206 1
66 40 1
66 66 2
66 230 2
67 21 5
67 60 7
67 77 2
67 245 5
67 247 3
67 255 3
68 47 9
68 100 5
68 184 2
68 204 5
68 247 5
69 72 6
69 141 1
69 191 5
69 236 5
70 175 2
70 176 2
70 179 9
70 252 7
71 21 8
71 101 10
71 246 10
72 11 5
72 47 10
72 222 4
73 38 1
73 65 6
73 71 6
73 96 1
73 103 7
73 215 7
73 216 5
74 24 6
74 67 10
74 68 1
74 92 10
74 136 2
74 153 2
74 157 4
75 141 5
75 151 6
75 254 10
76 4 10
76 22 8
76 69 6
76 103 7
76 133 1
76 187 8
76 249 7
77 31 7
77 118 7
77 170 7
77 227 7
77 233 1
77 234 6
78 32 2
78 63 1
78 68 3
78 122 7
78 172 3
78 198 2
78 243 3
79 1 10
79 6 7
79 73 2
79 114 10
80 89 8
80 126 5
80 134 1
80 146 3
80 178 1
80 239 8
80 255 3
81 24 10
81 213 8
82 37 10
82 42 8
82 101 8
82 116 7
82 184 5
82 189 7
82 222 6
83 108 1
83 121 5
83 135 8
83 193 8
84 75 6
84 133 1
84 178 2
84 192 4
84 226 3
85 6 3
85 119 8
85 181 2
86 22 1
86 76 1
86 105 4
86 109 8
86 114 5
86 129 6
86 146 1
86 232 7
86 236 6
87 1 5
87 81 8
87 105 5
87 122 4
87 128 6
87 140 2
87 167 3
88 43 10
88 165 10
88 178 8
88 231 2
88 245 4
89 57 5
89 167 1
89 190 1
89 221 5
90 22 2
90 81 4
90 93 10
90 136 5
90 144 1
90 200 3
90 249 5
91 18 1
91 67 6
91 116 5
91 138 7
91 238 4
92 53 5
92 54 3
92 70 9
92 157 9
92 171 1
92 174 3
92 197 4
92 232 8
93 1 6
93 32 6
93 58 7
93 60 8
93 109 3
93 149 10
93 195 3
93 199 10
94 53 10
94 54 4
94 133 4
94 141 1
94 191 9
95 148 3
96 74 7
96 97 10
96 162 8
96 164 4
96 235 2
97 115 3
97 157 8
97 232 1
97 254 8
98 99 4
98 208 3
99 39 6
99 43 4
99 76 5
99 86 10
99 182 7
99 197 2
99 222 8
99 249 3
100 48 10
100 67 5
100 107 5
100 133 1
100 140 7
100 156 4
100 201 2
101 126 2
101 161 10
101 209 3
101 254 1
102 28 4
102 32 1
102 48 2
102 53 1
102 129 4
102 208 3
102 218 6
102 221 1
102 245 3
103 27 3
103 132 6
103 192 8
103 254 1
104 93 9
104 107 4
104 127 2
104 168 6
105 59 8
105 113 9
105 171 8
105 189 9
105 228 5
105 239 4
105 254 10
106 85 4
106 86 8
106 89 1
106 120 7
106 138 9
106 213 5
108 65 7
108 110 2
108 167 6
108 196 10
108 247 3
109 24 1
109 40 3
109 118 10
109 119 2
109 129 7
109 157 2
109 195 7
110 159 6
111 59 2
111 63 8
111 68 10
111 138 6
111 140 3
111 210 9
111 211 6
111 240 10
112 108 7
112 120 3
112 161 5
112 249 6
113 141 8
113 164 2
114 9 9
114 23 4
114 112 2
114 164 5
114 195 3
115 2 4
115 141 2
115 189 2
116 70 8
116 103 3
116 118 6
116 222 7
117 45 6
117 78 5
117 120 10
117 124 4
117 125 10
117 197 4
118 148 1
118 220 1
119 206 9
119 228 3
120 103 9
120 209 4
120 222 4
121 23 6
121 107 6
121 132 9
121 144 3
121 157 3
121 204 2
121 234 3
121 245 7
121 249 4
122 8 8
122 63 1
122 126 9
122 193 1
122 224 2
123 10 8
123 13 3
123 42 10
123 46 6
123 69 8
123 94 4
123 118 5
123 163 4
123 208 5
123 232 8
124 24 4
124 48 6
124 82 8
124 128 9
124 152 4
124 164 2
124 214 2
124 216 1
125 2 9
125 8 2
125 15 4
125 49 2
125 127 6
125 128 6
126 35 10
126 159 1
126 198 5
126 226 2
126 228 1
127 54 8
127 160 3
127 183 8
128 52 10
128 57 4
128 109 3
128 117 10
128 193 7
128 218 9
128 224 3
129 53 4
129 175 9
129 200 8
130 31 9
130 119 6
130 132 6
130 189 4
130 195 9
130 200 10
131 18 5
131 99 8
131 106 3
131 149 8
131 168 1
132 16 8
132 70 5
132 123 2
132 132 10
132 135 2
132 242 3
133 68 10
133 112 9
133 136 7
134 67 7
134 96 10
134 120 1
134 125 1
134 139 1
134 151 9
134 251 2
135 49 3
135 202 2
136 14 10
136 52 3
136 115 10
136 161 7
136 186 10
136 196 4
137 52 8
137 99 9
137 103 8
137 222 5
138 7 4
138 99 7
138 115 7
138 170 1
138 181 3
139 19 8
139 75 1
139 93 6
139 100 10
139 250 2
140 39 4
140 46 6
140 79 1
140 139 6
140 210 6
140 245 3
141 84 6
141 103 5
141 164 4
141 195 1
142 3 8
142 33 5
142 56 3
142 163 8
142 175 4
143 18 2
143 30 3
143 31 1
143 38 3
143 67 10
143 197 7
143 222 6
144 17 8
144 97 3
144 118 8
144 136 10
144 153 10
144 156 8
144 214 8
144 221 1
144 231 2
144 232 1
145 39 6
145 93 2
145 107 6
145 161 4
145 176 4
146 64 4
146 90 10
146 92 10
146 107 4
146 167 7
146 188 6
146 238 6
147 57 4
147 146 9
147 213 9
147 220 8
148 52 9
148 67 1
148 71 7
148 118 5
148 232 6
148 246 6
148 251 9
149 62 4
149 97 8
149 108 8
149 126 3
149 238 5
150 140 8
150 184 6
150 186 7
151 19 6
151 28 7
151 32 5
151 44 9
151 142 3
151 146 8
152 73 8
152 121 2
152 160 1
153 38 4
153 54 7
153 106 8
153 116 10
153 182 8
154 18 6
154 26 7
154 32 8
154 146 7
154 197 6
154 239 3
155 15 4
155 64 3
155 81 1
155 117 9
155 147 10
155 173 1
155 181 4
155 186 6
155 213 10
155 218 9
155 232 3
155 236 5
157 38 8
157 39 7
157 104 3
157 112 2
157 181 6
157 210 2
158 18 5
158 19 6
158 42 8
158 44 3
158 68 3
158 85 7
158 200 10
158 228 10
158 251 5
159 2 8
159 33 6
159 162 10
159 190 2
159 199 2
159 213 5
159 230 4
160 16 2
160 112 4
160 122 4
160 129 7
160 141 10
160 169 6
160 206 6
161 41 4
161 118 10
161 119 5
161 131 2
161 171 5
161 172 6
161 195 7
161 211 6
161 236 10
162 85 2
162 100 5
162 120 2
162 133 6
162 142 3
162 205 4
162 253 5
163 54 8
163 92 1
163 97 3
163 210 9
163 232 2
164 49 6
164 60 3
164 89 5
164 162 7
164 169 9
164 172 1
164 199 4
164 200 8
164 221 6
165 40 1
165 107 3
165 117 7
165 142 5
165 190 4
165 213 1
165 254 2
166 23 10
166 70 9
166 81 3
166 89 1
166 158 3
166 163 6
166 181 8
166 206 6
166 218 9
167 57 2
167 96 5
167 124 9
167 129 6
167 152 3
167 210 2
168 48 1
168 161 8
168 243 7
169 65 8
169 69 6
169 71 9
170 48 3
170 110 3
171 15 4
171 85 3
171 92 5
171 166 10
171 201 9
172 15 8
172 47 3
172 60 10
172 108 9
172 191 1
172 196 4
172 230 9
172 233 5
172 251 9
173 68 8
173 82 2
173 101 8
173 129 9
173 130 6
173 179 8
173 238 5
173 244 1
173 251 10
174 15 5
174 118 8
174 182 6
174 202 4
175 48 3
175 71 4
175 157 6
175 181 7
175 214 9
176 48 8
176 59 3
176 242 10
176 250 8
177 2 2
177 108 2
177 138 9
177 168 10
177 185 4
178 45 2
178 100 10
178 127 9
178 134 3
178 143 7
178 231 10
179 30 10
179 65 7
179 68 8
179 78 7
179 86 1
179 169 8
179 200 6
179 235 8
179 245 7
179 249 3
180 17 3
180 21 9
180 68 8
180 90 9
180 103 7
180 122 6
180 139 8
180 156 9
180 207 6
181 63 8
181 209 10
181 238 9
182 37 6
182 78 1
182 108 3
182 127 10
182 142 10
182 176 1
183 1 2
183 88 6
183 108 2
183 125 1
183 126 2
183 133 9
183 154 9
183 166 5
183 179 8
183 202 5
184 54 4
184 60 6
184 104 9
184 135 8
184 170 4
184 209 7
184 223 6
185 13 2
185 45 4
185 63 6
185 199 10
185 245 1
186 95 3
186 220 1
186 240 10
187 27 10
187 81 1
187 114 2
187 180 9
187 219 2
187 224 4
187 234 10
188 17 7
188 25 5
188 81 2
188 103 1
188 145 6
188 160 1
188 198 7
188 227 5
189 20 7
189 30 2
189 161 1
189 204 5
190 52 9
190 58 6
190 85 3
190 108 7
190 120 8
190 167 7
191 16 2
191 77 9
191 114 9
191 208 6
192 46 10
192 72 8
192 134 5
192 152 2
192 161 9
192 190 6
192 199 4
193 4 2
193 18 5
193 30 2
193 90 9
193 145 7
193 189 4
194 12 4
194 187 9
194 215 2
194 252 10
195 25 5
195 100 3
195 107 10
195 138 1
195 139 2
195 171 6
195 203 6
196 19 10
196 48 5
196 73 4
196 92 1
196 129 3
196 156 2
196 199 8
196 213 4
196 238 10
197 16 4
197 46 6
197 55 10
197 121 9
197 245 1
197 247 4
198 5 4
198 88 4
198 92 4
198 111 2
198 131 10
198 165 9
198 176 2
198 189 1
198 242 8
199 59 6
199 69 6
199 75 10
199 137 8
199 179 9
199 182 7
199 216 3
199 235 8
200 61 1
200 65 8
200 140 10
200 206 3
200 235 10
201 10 7
201 33 7
201 50 1
201 97 2
201 256 4
202 36 2
202 53 1
202 167 6
202 183 7
202 195 6
202 203 9
203 20 10
203 39 9
203 42 10
203 178 8
203 185 10
203 206 1
203 213 8
204 11 7
204 16 6
204 101 7
204 126 4
204 127 6
204 147 3
204 255 9
205 99 3
205 178 3
205 187 6
205 190 2
205 201 7
205 211 7
205 255 10
206 61 5
206 73 7
206 102 1
206 133 10
206 162 1
206 180 3
206 191 5
207 29 7
207 153 8
208 30 6
208 56 7
208 107 6
208 255 5
209 53 6
209 90 7
209 133 7
209 149 3
209 165 3
209 229 4
210 3 9
210 44 7
210 69 9
210 70 1
210 87 7
211 68 1
211 75 5
211 100 4
211 160 4
211 170 2
211 172 1
211 181 5
212 90 8
212 126 9
212 248 6
212 255 8
213 191 9
213 224 10
213 242 2
214 35 6
214 53 10
214 57 7
214 61 4
214 118 7
214 133 4
214 141 1
214 217 4
215 81 10
215 89 4
215 120 6
215 130 4
215 146 4
215 173 4
215 183 2
215 184 7
216 39 10
216 162 5
217 109 1
217 112 4
217 252 10
218 61 4
218 74 4
218 158 5
218 195 2
218 212 2
218 227 2
219 92 9
219 102 3
219 132 1
219 186 2
220 63 10
220 69 10
221 100 9
221 182 3
221 233 7
222 34 4
222 52 5
222 72 2
222 133 3
222 209 8
223 9 7
223 53 8
223 83 4
223 108 1
223 120 2
223 128 10
223 193 2
223 213 8
223 216 2
224 27 5
224 32 7
224 108 8
224 118 10
224 170 1
224 200 9
224 253 4
225 54 2
225 128 9
225 146 6
225 236 3
226 49 10
226 74 5
226 96 4
226 143 10
226 239 9
226 240 2
227 65 5
227 76 3
227 215 3
228 9 10
228 16 3
228 17 10
229 27 7
229 75 6
229 150 2
229 187 10
229 193 7
230 4 3
230 15 7
230 28 8
230 32 8
230 34 4
230 74 5
230 108 9
230 151 4
231 32 5
231 70 2
231 131 8
231 162 5
231 182 7
231 185 2
231 218 5
232 7 3
232 42 5
232 58 6
232 110 1
232 201 9
232 205 1
232 255 6
233 24 1
233 118 10
233 155 8
233 248 2
234 7 8
234 8 3
234 12 3
234 20 8
234 35 9
234 73 8
234 143 4
234 186 8
235 3 7
235 140 9
235 178 5
235 230 5
236 35 3
236 85 9
236 135 7
236 172 2
237 90 4
237 112 5
237 205 3
238 7 10
238 91 10
238 93 7
238 169 7
238 171 2
238 184 7
238 194 9
238 236 7
238 238 8
239 80 8
239 148 4
239 217 1
240 72 8
240 93 8
240 100 6
240 217 7
241 11 8
241 20 3
241 110 10
241 194 8
242 45 1
243 27 1
243 53 2
243 107 5
243 111 5
243 198 2
243 218 3
243 230 6
244 111 7
244 227 10
244 228 8
245 20 6
245 39 9
245 44 6
245 53 5
245 57 10
245 132 3
245 136 3
245 192 7
245 212 2
245 220 3
246 101 2
246 108 2
246 194 10
246 205 2
246 230 7
246 239 6
247 43 1
247 130 1
247 167 7
247 186 8
247 222 1
247 242 9
248 46 9
248 111 8
248 119 3
248 202 3
248 206 10
248 208 8
248 218 9
248 228 9
248 236 7
249 38 5
249 56 9
249 122 3
249 179 1
249 250 9
250 101 7
250 182 3
250 201 7
250 225 8
250 253 7
251 27 10
251 139 1
251 159 6
251 223 1
251 256 10
252 103 3
252 122 4
252 137 10
252 168 2
253 46 1
253 53 3
253 232 2
253 254 2
254 118 10
254 126 5
254 155 4
254 203 9
254 221 4
254 223 2
254 249 10
255 119 1
255 152 8
255 180 10
255 210 5
255 231 8
256 6 8
256 51 3
256 179 3
256 205 6

