33 399
1 7 4
1 14 2
1 15 9
1 18 8
1 21 1
1 26 10
1 29 5
2 2 5
2 9 6
2 10 9
2 12 10
2 21 1
2 22 3
2 23 2
2 28 5
3 3 3
3 7 5
3 11 9
3 12 4
3 14 7
3 15 7
3 18 7
3 19 7
3 21 6
3 22 7
3 23 4
3 25 10
3 26 4
3 30 6
4 2 9
4 3 10
4 9 2
4 10 3
4 18 1
4 22 1
4 24 5
4 29 2
5 2 5
5 6 9
5 7 7
5 9 3
5 10 9
5 11 7
5 12 8
5 16 10
5 18 4
5 20 10
5 24 7
5 27 2
5 28 5
5 29 3
5 30 10
6 1 4
6 2 9
6 3 6
6 5 2
6 9 5
6 10 7
6 12 5
6 13 2
6 18 8
6 20 6
6 31 3
6 32 10
6 33 6
7 4 3
7 6 4
7 9 7
7 12 10
7 18 2
7 21 6
7 24 4
7 25 10
7 28 4
7 30 1
7 32 2
8 1 7
8 6 2
8 7 8
8 12 1
8 13 9
8 15 2
8 20 10
8 22 2
8 25 3
8 28 7
8 31 3
9 1 7
9 3 4
9 8 7
9 11 10
9 14 1
9 16 4
9 20 5
9 25 2
9 27 10
9 29 9
9 33 5
10 2 8
10 3 8
10 4 8
10 5 5
10 6 4
10 12 8
10 13 9
10 16 4
10 17 9
10 18 5
10 19 8
10 20 8
10 21 5
10 26 6
10 29 1
10 30 7
10 32 7
11 4 3
11 5 3
11 6 1
11 7 1
11 12 8
11 13 9
11 15 1
11 16 10
11 17 2
11 18 5
11 20 1
11 21 3
11 23 3
11 25 7
11 27 3
11 28 3
11 30 5
11 33 7
12 4 6
12 6 2
12 7 5
12 9 1
12 10 2
12 12 2
12 15 8
12 17 1
12 18 8
12 21 5
12 23 1
12 26 4
12 30 3
12 32 4
13 3 9
13 4 3
13 5 4
13 9 6
13 10 1
13 11 6
13 20 6
13 23 5
13 27 10
13 29 8
13 30 7
13 31 3
13 32 5
13 33 9
14 1 5
14 2 1
14 3 6
14 6 2
14 11 4
14 12 2
14 13 2
14 15 5
14 18 3
14 24 2
14 27 7
14 29 3
14 32 6
15 4 9
15 6 6
15 13 9
15 17 4
15 20 4
15 23 3
15 26 8
15 28 2
15 31 6
16 3 5
16 5 9
16 11 10
16 13 5
16 14 6
16 16 8
16 17 9
16 18 2
16 20 7
16 21 5
16 26 2
16 29 4
16 30 6
16 31 5
17 2 5
17 10 7
17 13 1
17 16 10
17 18 8
17 20 9
17 29 2
17 33 6
18 2 8
18 4 9
18 11 6
18 14 1
18 19 5
18 21 10
18 23 10
18 27 6
18 31 5
18 33 5
19 1 4
19 7 6
19 8 1
19 11 1
19 12 6
19 13 9
19 14 5
19 17 2
19 18 3
19 19 8
19 20 7
19 21 10
19 24 5
19 25 3
19 26 6
19 31 7
19 33 2
20 1 6
20 4 6
20 5 5
20 10 3
20 14 5
20 17 6
20 19 8
20 26 7
20 28 10
20 30 7
20 33 7
21 6 5
21 7 4
21 9 3
21 13 10
21 15 1
21 21 3
21 22 2
21 23 6
21 29 3
21 30 6
21 31 9
22 2 5
22 4 4
22 7 5
22 12 4
22 13 8
22 15 8
22 18 1
22 19 4
22 22 1
22 26 8
22 32 1
23 3 8
23 6 10
23 10 5
23 13 3
23 14 7
23 17 2
23 20 2
23 21 6
23 24 10
23 25 8
23 26 1
23 27 2
24 2 9
24 6 1
24 7 6
24 8 10
24 17 9
24 21 8
24 23 6
24 24 7
24 25 4
24 26 1
24 27 4
24 31 9
24 32 10
25 2 1
25 4 1
25 7 5
25 11 3
25 13 9
25 14 6
25 18 10
25 20 8
25 31 2
26 1 2
26 5 7
26 7 5
26 8 3
26 13 4
26 21 4
26 22 2
26 23 4
26 26 7
26 28 10
26 30 6
26 31 4
26 32 10
27 1 4
27 4 1
27 7 7
27 9 3
27 17 4
27 28 7
27 32 6
27 33 4
28 1 8
28 2 8
28 3 5
28 4 2
28 5 10
28 8 3
28 11 9
28 14 10
28 15 2
28 17 1
28 19 3
28 25 10
28 26 7
28 29 6
28 30 3
28 31 1
28 33 9
29 8 8
29 10 9
29 12 9
29 14 6
29 15 3
29 19 8
29 22 1
29 25 5
29 27 4
29 28 3
29 33 9
30 2 2
30 4 10
30 7 2
30 10 1
30 12 7
30 14 8
30 15 2
30 21 9
30 22 10
30 23 1
30 25 8
30 30 4
30 32 3
31 1 10
31 3 3
31 4 9
31 6 7
31 9 8
31 10 1
31 14 6
31 16 7
31 18 10
31 23 4
31 28 2
31 29 4
32 1 3
32 2 5
32 6 8
32 7 8
32 9 9
32 12 8
32 13 1
32 14 9
32 17 2
32 20 1
32 26 7
32 27 9
32 28 2
32 31 5
32 33 1
33 3 4
33 6 2
33 8 4
33 12 6
33 13 4
33 15 8
33 19 7
33 20 2
33 21 5
33 26 7
33 31 9

