32 321
1 5 4
1 7 10
1 9 7
1 10 10
1 12 9
1 18 4
1 21 8
1 25 9
1 26 6
1 30 4
2 3 10
2 9 10
2 11 8
2 17 1
2 18 8
2 19 6
2 21 5
2 22 1
2 24 8
2 27 8
2 29 4
2 31 9
3 2 4
3 3 8
3 5 10
3 6 7
3 10 10
3 12 4
3 16 8
3 17 3
3 21 10
3 26 1
3 31 2
4 1 6
4 17 10
4 21 10
4 24 1
4 26 9
4 28 1
4 29 6
4 30 3
4 31 2
4 32 8
5 3 2
5 7 3
5 13 5
5 17 9
5 18 7
5 31 5
6 2 6
6 3 7
6 4 8
6 12 4
6 16 10
6 17 8
6 19 3
6 20 6
6 21 9
6 28 6
6 32 5
7 1 1
7 2 5
7 17 5
7 20 2
7 23 2
7 25 4
7 28 4
7 29 2
7 30 4
7 32 6
8 3 10
8 5 6
8 8 7
8 11 7
8 12 7
8 16 1
8 18 3
8 20 5
8 24 10
8 25 7
8 29 10
8 30 6
8 31 6
9 4 5
9 7 7
9 12 5
9 19 7
9 25 2
9 29 3
9 31 2
10 1 6
10 3 3
10 8 8
10 15 2
10 17 7
10 27 1
10 30 7
10 31 10
10 32 5
11 8 10
11 11 7
11 12 4
11 15 6
11 16 3
11 17 2
11 20 4
11 23 4
11 24 4
11 30 1
12 3 3
12 5 2
12 6 2
12 8 8
12 10 7
12 15 7
12 18 4
12 20 2
12 22 3
12 25 7
12 27 4
12 31 7
13 3 4
13 6 9
13 8 6
13 11 5
13 16 5
13 18 7
13 26 1
13 28 6
13 30 1
14 1 2
14 4 4
14 5 6
14 7 7
14 8 6
14 10 9
14 12 3
14 13 9
14 18 4
14 25 3
15 2 3
15 5 5
15 9 4
15 10 2
15 13 3
15 15 10
15 26 7
15 28 4
15 29 5
16 1 5
16 4 10
16 8 1
16 11 8
16 12 10
16 14 6
16 16 4
16 20 6
16 24 2
16 25 6
16 26 3
17 3 4
17 4 8
17 5 6
17 8 1
17 14 6
17 15 1
17 16 9
17 17 8
17 20 2
17 21 2
17 23 10
17 27 4
17 32 6
18 1 6
18 2 8
18 3 9
18 8 5
18 11 4
18 13 4
18 16 1
18 18 9
18 21 5
18 28 1
18 29 8
18 31 4
19 5 9
19 6 4
19 7 9
19 8 2
19 11 9
19 12 1
19 14 6
19 19 8
19 25 8
19 27 8
19 31 6
20 7 9
20 10 7
20 12 3
20 17 2
20 19 10
20 21 5
21 1 7
21 6 8
21 7 2
21 8 4
21 10 6
21 11 8
21 16 10
21 17 1
21 19 9
21 21 8
21 26 6
21 27 9
21 29 7
22 1 1
22 2 7
22 6 10
22 9 2
22 10 9
22 11 1
22 14 4
22 15 6
22 16 10
22 18 2
22 19 3
22 22 5
22 29 2
23 3 1
23 4 10
23 9 3
23 10 1
23 11 6
23 14 9
23 20 8
23 24 7
23 29 5
23 30 5
24 2 4
24 7 4
24 10 7
24 11 2
24 12 3
24 19 4
24 20 3
24 21 9
24 23 5
24 25 9
24 26 9
24 29 6
24 30 9
24 31 1
25 7 1
25 15 6
25 21 10
25 25 2
25 32 1
26 5 7
26 7 3
26 9 1
26 10 6
26 12 7
26 14 3
26 20 1
26 21 6
26 23 2
26 25 9
26 27 10
27 1 6
27 3 2
27 4 5
27 7 5
27 9 4
27 11 7
27 12 8
27 14 6
27 18 5
27 25 2
27 29 6
28 5 5
28 9 9
28 13 7
28 14 7
28 17 2
28 24 2
28 28 7
28 32 3
29 4 4
29 8 5
29 11 8
29 17 5
29 18 10
29 20 4
29 24 9
29 25 2
29 29 9
29 30 1
29 32 2
30 1 10
30 13 8
30 19 3
30 20 6
30 21 2
30 22 8
30 31 2
30 32 10
31 3 5
31 18 9
31 20 3
31 21 3
31 23 3
31 25 4
31 31 9
32 2 10
32 7 5
32 17 2
32 20 8
32 21 9
32 25 6
32 26 2
32 30 6

