512 3494
1 71 13
1 134 141
1 234 20
1 241 4
1 252 173
1 310 56
1 359 121
1 380 156
1 460 13
1 467 153
1 476 145
2 53 39
2 111 12
2 393 116
2 426 5
2 484 191
3 13 139
3 71 159
3 79 18
3 132 101
3 226 48
3 315 1
3 387 109
4 8 11
4 30 124
4 66 120
4 145 96
4 162 10
4 222 139
4 294 193
4 468 15
4 470 151
5 113 86
5 127 34
5 169 107
5 210 58
5 391 41
6 95 179
6 108 166
6 183 54
6 212 131
6 393 110
7 95 44
7 139 95
7 146 25
7 197 48
7 262 37
7 273 164
7 292 159
7 324 55
7 379 16
7 404 6
7 416 55
7 454 76
7 476 168
8 1 179
8 26 195
8 163 64
8 230 140
8 318 85
8 322 8
8 451 154
8 464 36
8 487 93
9 24 140
9 59 94
9 70 151
9 72 180
9 167 72
9 189 116
9 231 185
9 280 154
9 488 177
10 35 180
10 92 48
10 108 1
10 297 180
10 329 85
10 473 116
11 84 138
11 211 139
11 236 84
11 343 95
11 366 145
11 422 111
12 168 62
12 173 123
12 240 106
12 318 77
12 423 63
12 503 190
12 505 85
13 108 168
13 146 177
13 147 177
13 172 107
13 243 70
13 271 79
13 404 39
14 117 93
14 216 146
14 319 175
14 358 47
14 367 122
14 476 155
15 61 94
15 268 75
15 356 86
15 449 130
16 106 142
16 179 23
16 188 68
16 204 25
16 219 117
16 268 13
16 412 136
16 428 178
17 68 87
17 224 193
17 274 7
17 316 101
17 380 134
17 488 91
18 54 69
18 206 63
18 329 19
18 435 127
18 458 84
18 480 98
19 22 117
19 28 177
19 62 43
19 94 92
19 132 23
19 143 117
19 235 198
19 276 68
19 426 191
19 510 83
20 53 198
20 54 132
20 106 57
20 110 17
20 153 109
20 197 173
20 439 181
20 490 196
21 49 102
21 115 68
21 236 188
21 280 108
21 353 168
21 382 73
22 124 150
22 274 188
22 437 135
22 496 169
23 15 67
23 43 171
23 48 66
23 53 183
23 458 147
24 141 60
24 398 26
24 512 121
25 53 176
25 66 175
25 237 188
25 349 118
25 385 57
25 419 137
26 49 2
26 57 65
26 59 106
26 207 110
26 280 37
26 379 86
27 51 57
27 52 139
27 89 153
27 121 44
27 131 198
27 391 73
27 488 68
27 495 148
28 118 12
28 259 155
28 326 68
28 375 78
29 50 125
29 51 85
29 64 13
29 76 71
29 108 144
29 209 190
29 259 143
29 266 72
29 427 165
30 12 130
30 24 141
30 29 173
30 63 19
30 75 142
30 127 38
30 191 124
30 224 3
30 376 74
30 389 161
30 461 59
30 487 164
31 113 114
31 181 54
31 247 114
31 406 138
32 55 122
32 205 13
32 248 149
32 291 76
32 401 80
33 33 179
33 52 200
33 140 164
33 263 143
33 306 22
33 491 59
34 56 132
34 270 164
34 285 130
34 352 96
34 429 45
34 486 23
35 24 69
35 35 15
35 99 164
35 114 58
35 302 138
35 416 167
35 449 131
36 45 51
36 86 177
36 112 47
36 253 164
36 421 31
36 486 160
37 43 53
37 304 152
37 371 172
37 408 153
37 459 179
38 6 3
38 115 83
38 120 178
38 252 166
38 255 25
38 300 151
38 361 24
38 390 157
38 445 114
38 475 106
38 496 4
39 43 110
39 44 128
39 112 24
39 217 125
39 274 91
39 294 81
39 300 14
39 322 9
39 352 164
39 368 64
39 383 186
39 384 10
39 458 179
40 42 16
40 166 121
40 242 31
40 274 119
40 306 44
40 372 136
40 435 97
40 473 46
40 494 18
41 32 26
41 251 163
41 332 43
42 193 176
42 207 186
42 231 151
42 237 41
42 248 91
42 311 154
42 479 150
43 13 170
43 96 130
43 203 74
43 425 61
44 77 10
44 301 88
44 331 21
44 373 173
44 391 151
44 468 158
45 30 134
45 180 82
45 311 125
45 358 6
45 418 112
45 441 43
46 211 1
46 220 199
46 234 91
46 259 46
47 65 17
47 96 68
47 123 8
47 125 11
47 132 195
47 152 146
47 160 161
47 258 35
47 273 188
47 354 66
47 381 137
47 386 158
47 389 147
48 115 10
48 132 170
48 180 157
48 412 49
48 416 190
49 21 81
49 74 152
49 158 148
49 164 167
49 277 33
49 506 24
50 33 172
50 83 96
50 87 19
50 93 173
50 304 95
50 321 61
51 38 170
51 136 63
51 148 129
51 218 130
51 284 73
51 303 123
51 308 75
51 456 185
52 40 110
52 48 62
52 138 2
52 480 46
53 17 171
53 140 149
53 203 7
53 488 140
53 509 57
54 291 8
55 47 130
55 64 89
55 137 111
55 146 29
55 190 55
55 254 143
55 409 52
55 502 179
56 154 190
56 298 22
56 303 151
56 312 36
56 320 83
56 440 72
56 454 50
57 22 11
57 30 153
57 61 122
57 70 85
57 79 27
57 81 58
57 107 194
57 153 41
58 22 60
58 89 191
58 232 11
58 261 160
58 331 198
58 425 151
58 473 168
59 82 5
59 108 32
59 153 56
59 381 115
59 481 60
60 203 111
60 226 9
60 280 63
60 508 89
61 245 150
61 506 37
62 28 191
62 92 138
62 211 119
62 300 14
62 368 187
62 461 129
63 40 167
63 48 109
63 314 13
63 320 145
63 337 118
63 342 159
64 39 185
64 110 129
64 167 149
64 185 148
64 275 88
64 297 146
64 298 50
64 501 7
65 25 102
65 125 81
65 196 63
65 222 168
65 268 92
65 364 173
65 508 128
66 194 106
66 250 13
66 304 78
66 309 142
66 473 155
66 476 167
67 152 60
67 281 168
67 288 153
67 378 140
67 410 86
67 439 13
67 452 105
68 133 31
68 175 131
68 300 63
68 313 167
68 427 59
68 505 11
69 102 114
69 192 99
69 303 109
69 330 115
69 363 105
70 54 162
70 66 147
70 133 119
70 138 130
70 275 38
70 360 91
70 370 9
71 121 96
71 181 55
71 190 38
71 379 37
72 67 9
72 173 4
72 204 49
72 304 129
72 313 157
72 337 140
72 419 14
72 476 169
73 302 44
73 319 196
73 450 51
74 432 106
75 103 163
75 145 62
75 463 69
75 505 28
76 161 160
76 184 129
76 288 143
76 385 16
76 439 90
76 442 89
76 449 135
77 119 171
77 165 79
77 327 177
77 362 180
77 366 174
77 463 184
77 497 17
78 45 162
78 56 144
78 98 21
78 125 162
78 247 72
78 334 177
78 382 102
79 173 38
79 189 97
79 219 145
79 314 185
79 384 148
79 417 3
80 42 147
80 123 9
80 209 23
80 237 175
80 293 120
80 362 151
80 379 69
81 15 87
81 65 40
81 78 157
81 102 21
81 168 11
81 262 187
82 70 150
82 85 190
82 137 160
82 158 133
82 209 158
82 244 74
82 354 28
82 401 178
83 10 35
83 29 52
83 37 106
83 69 136
83 256 89
83 328 3
83 334 33
83 395 73
83 429 150
84 81 35
84 83 172
84 142 110
84 146 57
84 169 98
84 301 29
84 334 159
85 19 166
85 46 115
85 172 198
85 233 74
85 349 88
85 361 160
85 458 61
85 499 189
86 102 101
86 171 172
86 180 73
86 257 59
86 276 45
86 295 100
86 302 36
86 372 32
86 450 151
86 483 142
87 3 167
87 100 191
87 113 96
87 137 151
87 263 16
87 397 45
88 57 185
88 109 187
88 135 106
88 161 193
88 174 84
88 227 86
88 242 151
88 301 1
88 507 152
89 152 101
89 155 74
89 178 191
89 257 12
89 332 86
89 461 179
89 469 113
89 506 58
90 55 51
90 135 171
90 221 102
90 347 151
90 466 158
90 507 133
91 4 53
91 15 99
91 70 52
91 191 44
91 286 194
91 384 2
92 87 59
92 117 190
92 139 139
92 153 45
92 222 47
92 284 83
92 401 80
92 416 132
93 33 186
93 77 80
93 118 36
93 146 38
93 155 153
93 164 26
93 169 49
93 209 39
93 326 5
93 343 161
93 366 48
93 369 7
93 405 83
93 486 101
93 493 109
94 26 41
94 87 186
94 178 162
94 354 91
94 412 37
95 43 5
95 106 37
95 208 190
95 379 63
95 395 178
95 398 80
96 13 59
96 199 25
96 252 115
96 348 138
96 379 108
96 486 100
97 68 169
97 79 143
97 81 137
97 89 121
97 314 169
97 331 137
97 346 111
97 418 125
97 443 98
97 480 158
97 508 131
98 11 180
98 152 11
98 230 40
98 287 172
98 299 196
98 400 153
98 408 63
98 437 32
98 448 157
99 32 99
99 42 173
99 101 171
99 196 76
99 468 5
100 15 29
100 257 52
100 336 119
100 339 118
100 496 160
100 499 170
101 47 86
101 89 54
101 207 106
101 223 158
101 228 22
101 245 42
101 263 21
101 266 98
101 372 91
101 402 130
101 484 29
102 35 23
102 85 140
102 212 20
102 243 194
102 244 135
102 310 172
102 387 56
102 428 118
103 205 80
103 262 106
103 483 43
104 45 50
104 120 134
104 142 47
105 124 30
105 329 185
105 330 165
105 350 99
105 392 96
105 497 134
106 31 184
106 44 150
106 55 191
106 95 93
106 97 123
106 142 184
106 242 113
106 332 21
106 347 27
106 375 195
106 397 1
106 414 49
106 457 134
107 76 20
107 160 194
107 251 69
107 299 143
107 351 2
107 422 186
108 122 22
108 208 107
108 477 180
108 499 23
109 40 192
109 55 26
109 127 52
109 232 177
109 302 142
109 415 150
109 465 24
109 493 27
109 502 85
110 75 173
110 103 169
110 159 129
110 184 48
110 231 105
110 468 42
111 40 68
111 295 131
111 511 36
112 8 68
112 40 131
112 78 121
112 94 39
112 137 124
112 329 189
112 435 181
112 455 125
112 481 127
113 38 2
113 61 32
113 89 106
113 152 24
113 302 23
113 351 84
113 382 27
113 438 151
114 27 25
114 39 176
114 273 175
114 352 52
114 480 12
114 486 99
114 503 172
115 42 140
115 73 146
115 104 76
115 129 133
115 255 165
115 398 6
116 91 120
116 195 32
116 317 136
116 339 41
116 371 70
116 464 12
117 18 29
117 145 2
117 149 136
117 170 107
117 218 3
117 301 119
117 379 165
118 104 178
118 202 142
118 209 48
118 418 4
119 12 44
119 24 24
119 240 179
119 280 170
119 282 27
119 475 142
119 496 21
120 27 199
120 276 82
120 307 118
120 357 26
121 120 14
121 149 83
121 185 32
121 360 86
121 434 66
122 75 119
122 168 126
122 179 88
122 234 130
122 366 106
122 369 89
122 381 18
122 470 13
122 483 44
123 19 136
123 68 129
123 74 21
123 292 29
124 26 128
124 37 25
124 272 73
124 283 151
124 359 155
124 366 194
125 17 130
125 96 97
125 211 14
125 321 80
126 36 130
126 85 132
126 94 105
126 97 95
126 113 166
126 290 88
126 360 180
126 375 183
127 33 7
127 157 57
127 273 70
127 281 88
127 379 163
127 420 111
127 427 105
127 448 127
127 478 154
128 388 193
128 411 55
129 11 126
129 33 21
129 46 134
129 80 150
129 122 93
129 146 36
129 282 57
129 396 87
129 430 165
129 494 105
130 114 52
130 125 44
130 143 186
130 236 183
130 267 149
130 317 32
130 340 100
130 360 36
130 401 12
130 440 83
130 471 194
131 33 20
131 93 152
131 101 34
131 150 182
131 278 14
131 430 90
132 27 108
132 181 119
132 250 82
132 339 114
132 444 45
133 10 103
133 31 47
133 46 146
133 210 147
134 12 83
134 72 154
134 91 185
134 113 199
134 230 58
134 245 37
134 260 195
134 402 195
134 412 171
134 430 143
134 504 27
135 90 71
135 113 130
135 334 190
136 16 153
136 135 76
136 144 9
136 168 56
136 235 109
136 395 191
136 425 22
136 475 198
137 1 50
137 10 140
137 36 80
137 148 164
137 150 136
137 256 134
137 382 162
138 16 82
138 161 80
138 180 196
138 281 187
138 382 65
138 490 147
139 44 45
139 57 101
139 293 141
139 297 191
139 450 71
140 50 83
140 93 17
140 162 93
140 291 164
140 406 6
140 459 197
141 2 39
141 44 167
141 101 5
141 206 99
141 216 157
141 455 26
141 489 97
142 363 158
142 437 165
142 504 128
143 63 73
143 92 53
143 152 61
143 183 35
143 216 134
143 414 92
143 449 182
144 114 120
144 429 156
145 30 128
145 45 116
145 53 8
145 127 68
145 334 59
145 338 31
145 436 102
146 60 75
146 68 123
146 80 18
146 112 33
146 117 120
146 133 8
146 139 199
146 341 76
146 342 107
146 363 107
146 394 101
146 397 155
146 512 64
147 46 17
147 226 34
147 280 89
147 448 69
147 466 94
148 115 75
148 137 154
148 225 137
148 275 56
148 292 26
148 352 93
148 420 136
149 10 93
149 99 100
149 127 155
149 173 151
149 184 130
149 335 9
149 337 26
149 339 5
149 407 26
149 424 10
149 463 76
150 31 33
150 50 8
150 125 151
150 211 139
150 302 66
150 381 51
150 424 45
151 7 81
151 172 67
151 197 78
151 209 169
151 238 88
151 244 123
151 264 195
151 292 41
151 408 60
151 435 51
152 98 66
152 155 152
152 198 138
152 324 111
153 117 3
153 124 92
153 167 61
153 212 133
153 242 100
153 285 86
154 251 89
154 328 77
155 88 47
155 161 164
155 342 110
155 356 6
155 418 114
155 436 200
155 492 71
156 18 164
156 33 45
156 99 104
156 110 182
156 130 74
156 173 24
156 194 69
156 211 197
156 261 19
156 370 62
156 414 56
156 421 21
156 506 79
156 508 7
157 96 158
157 220 189
157 252 161
157 265 1
157 502 50
158 75 45
158 101 53
158 225 87
158 345 133
158 348 129
158 440 134
158 448 96
158 452 190
159 129 139
159 446 9
160 9 142
160 156 162
160 286 124
160 319 138
160 449 17
161 182 106
162 51 11
162 94 40
162 124 126
162 245 7
162 265 10
162 298 139
163 6 62
163 24 30
163 149 18
163 182 20
163 193 187
163 281 158
163 314 181
163 429 140
164 52 7
164 57 25
164 408 192
164 464 46
164 496 158
165 28 120
165 59 179
165 165 5
165 212 62
165 375 69
166 145 14
166 251 3
166 303 182
166 433 137
166 444 140
166 501 198
167 11 194
167 35 150
167 115 190
167 179 120
167 266 109
167 345 199
167 352 10
167 354 122
167 402 29
167 415 27
167 419 142
167 439 167
167 464 185
168 30 74
168 42 106
168 151 143
168 218 50
168 232 97
168 248 188
168 316 159
168 491 169
168 505 118
169 109 164
169 461 30
169 488 139
170 171 129
170 258 184
170 265 120
170 365 65
170 368 123
170 433 70
170 453 11
170 472 24
171 52 59
171 97 82
171 139 84
171 357 9
171 412 91
171 415 6
172 10 37
172 28 118
172 30 99
172 311 156
172 359 54
172 391 172
172 418 61
173 80 196
173 158 173
173 341 110
174 11 136
174 83 84
174 293 78
174 316 5
174 387 47
174 448 59
174 450 143
175 194 127
175 209 42
175 276 15
175 293 143
175 465 116
176 1 36
176 201 153
176 205 91
176 258 46
176 290 34
176 306 175
176 383 54
177 67 77
177 103 180
177 237 91
177 254 146
177 257 78
177 277 46
177 382 199
177 489 1
178 14 58
178 93 146
178 109 125
178 137 167
178 179 33
178 190 8
178 214 196
178 453 38
179 66 6
179 88 6
179 293 180
179 394 132
179 505 47
180 6 146
180 81 75
180 94 114
180 121 181
180 151 27
180 193 5
180 202 26
180 243 13
180 300 179
180 507 32
181 2 89
181 19 158
181 60 74
181 124 34
181 171 187
181 223 71
181 301 184
181 338 139
181 376 128
182 38 129
182 185 63
182 205 47
182 229 162
182 318 71
182 337 194
182 432 151
183 40 76
183 82 200
183 87 130
183 96 8
183 115 198
183 179 28
183 237 34
183 277 112
183 295 160
183 311 60
183 486 116
183 493 138
184 52 24
184 78 94
184 121 169
184 158 112
184 275 3
184 321 42
184 341 97
184 360 141
184 363 64
184 370 80
184 492 79
185 123 191
185 181 161
185 209 141
185 250 189
185 416 122
185 466 163
186 129 183
186 162 24
186 323 191
187 111 134
187 150 153
187 406 150
187 496 131
188 25 132
188 71 183
188 138 42
188 186 92
188 234 42
188 235 109
188 408 181
188 426 18
188 494 154
188 500 149
189 9 129
189 52 156
189 174 142
189 288 178
189 324 48
189 360 5
189 377 57
189 474 126
190 53 147
190 82 17
190 109 19
190 184 88
190 291 90
190 366 133
190 400 22
190 446 113
190 447 123
190 478 155
191 131 18
191 133 72
191 163 37
191 175 101
191 225 54
191 466 79
191 512 144
192 148 48
192 213 139
192 214 124
192 271 65
192 321 93
193 6 24
193 12 145
193 29 200
193 145 165
193 180 122
193 389 48
193 405 121
193 422 131
193 469 125
194 195 20
194 272 99
194 315 95
194 330 107
194 341 141
194 397 28
194 403 80
194 411 5
194 510 150
195 130 34
195 179 22
195 340 174
195 379 70
195 460 75
196 43 179
196 92 100
196 105 18
196 184 26
196 237 191
196 272 142
196 316 42
196 448 83
196 493 165
196 506 139
197 209 34
197 286 82
197 414 12
197 437 33
197 506 154
198 15 142
198 52 158
198 61 173
198 204 193
198 300 4
198 307 31
198 336 133
198 393 31
198 479 110
198 483 137
199 68 133
199 82 95
199 117 111
199 202 106
199 216 117
199 281 185
199 359 36
199 427 168
200 18 154
200 66 14
200 68 158
200 190 95
200 236 55
200 269 192
200 339 12
200 358 145
200 389 178
200 410 45
200 445 157
200 486 10
201 48 198
201 88 50
201 134 119
201 141 123
201 146 194
201 198 123
201 231 105
201 259 126
201 363 153
201 401 167
201 433 15
201 450 37
202 30 61
202 126 125
202 167 94
202 180 129
203 83 61
203 144 130
203 268 49
203 296 14
203 344 143
203 394 158
203 397 61
204 48 149
204 168 150
204 294 24
204 337 94
204 380 79
204 382 20
205 53 2
205 106 88
205 216 169
205 223 51
205 266 7
205 363 91
205 461 45
205 505 129
206 369 196
206 472 122
207 11 33
207 83 162
207 166 136
207 434 70
208 57 174
208 59 12
208 238 163
208 278 55
208 322 24
208 325 44
208 461 103
209 45 190
209 140 186
209 211 60
209 278 2
209 307 87
209 362 161
209 400 177
209 466 180
210 33 39
210 105 196
210 167 181
210 178 79
210 259 164
210 313 183
210 367 85
211 39 7
211 83 179
211 117 165
211 256 2
211 285 53
211 388 197
211 434 115
212 26 188
212 60 18
212 95 40
212 124 152
212 147 133
212 229 94
212 338 127
212 355 128
212 385 148
212 471 116
213 102 114
213 115 160
213 164 69
213 195 200
213 258 72
213 324 45
213 383 131
214 13 63
214 101 40
214 291 63
214 408 141
214 509 156
215 36 45
215 45 177
215 195 162
215 196 176
215 304 141
216 45 115
216 184 28
216 185 89
216 250 181
216 286 167
216 321 59
216 345 20
216 393 70
216 435 191
217 39 66
217 187 197
217 188 118
217 218 13
217 222 64
217 325 183
217 332 172
217 478 133
218 3 134
218 6 44
218 31 177
218 180 16
218 196 106
218 292 169
218 320 78
218 341 198
218 502 124
219 38 75
219 154 174
219 174 37
219 200 50
219 236 114
219 403 151
219 467 29
220 25 154
220 68 131
220 141 195
220 287 12
220 331 102
220 364 65
220 400 154
220 415 167
220 427 13
220 471 24
220 472 180
220 485 76
220 506 158
221 225 103
221 419 8
221 483 44
221 501 98
222 184 137
222 344 59
222 393 155
222 432 105
222 459 137
222 489 152
223 15 180
223 18 11
223 270 125
223 303 168
223 308 12
223 355 190
224 19 70
224 88 40
224 92 96
224 110 200
224 247 34
224 273 59
224 345 53
224 378 50
224 403 13
224 418 20
224 431 62
225 299 188
225 386 151
225 396 90
225 455 145
225 466 53
225 489 49
225 496 188
226 71 103
226 231 185
226 302 199
226 402 57
226 403 41
226 454 135
226 508 161
227 73 172
227 91 97
227 106 37
227 195 91
227 407 108
227 466 179
227 469 160
228 7 147
228 70 74
228 93 111
228 128 132
228 165 132
228 289 164
228 362 182
228 425 96
228 446 135
229 140 195
229 177 83
229 219 85
229 329 36
229 471 180
229 491 89
230 104 85
230 124 119
231 138 191
231 159 21
231 168 117
231 284 200
231 316 14
231 488 51
232 254 160
232 291 137
232 327 147
233 45 196
233 94 28
233 113 54
233 169 174
233 223 187
233 269 152
233 299 199
234 13 50
234 166 84
234 233 131
234 385 13
234 412 65
235 191 26
235 267 147
235 319 11
236 13 61
236 34 183
236 190 47
236 237 40
236 279 71
236 321 83
236 396 158
236 411 62
237 60 55
237 129 75
237 207 13
237 307 68
237 440 77
237 454 172
237 477 5
237 479 176
237 499 119
237 504 184
238 34 181
238 67 45
238 269 122
238 431 133
238 446 43
238 455 171
239 14 16
239 100 125
239 105 183
239 119 32
239 190 103
239 326 81
239 424 194
239 487 163
240 69 63
240 96 192
240 185 2
240 199 134
240 253 26
240 256 111
240 323 147
240 404 81
240 406 137
240 475 159
241 25 148
241 71 166
241 126 82
241 127 104
241 140 141
241 142 152
241 165 39
241 303 73
241 366 196
241 394 161
241 412 5
241 481 191
242 269 131
242 273 172
242 307 115
242 321 66
242 328 155
242 428 17
242 502 98
243 114 101
243 146 179
243 223 161
243 243 92
243 367 132
243 379 46
243 395 118
243 441 43
244 5 144
244 144 150
244 149 131
244 186 54
244 229 97
244 288 96
244 289 135
244 345 153
244 365 36
244 401 86
244 409 191
244 436 109
244 486 34
245 17 103
245 43 65
245 44 24
245 193 34
245 265 189
245 323 138
245 354 51
245 406 143
245 424 155
245 473 148
246 23 195
246 45 85
246 104 108
246 132 39
246 176 17
246 238 105
246 454 156
247 13 11
247 114 48
247 271 57
247 291 141
247 313 101
247 347 153
247 388 189
247 432 187
247 467 57
248 36 24
248 37 73
248 86 200
248 92 84
248 98 58
248 301 102
248 406 101
248 424 81
248 465 87
248 499 89
248 511 18
249 27 89
249 197 183
249 365 124
249 432 37
249 450 178
250 83 161
250 263 96
250 293 168
250 297 129
250 443 1
250 452 123
251 23 91
251 106 200
251 193 179
251 315 31
251 391 101
252 63 83
252 106 171
252 135 87
252 445 92
252 458 147
252 461 111
252 512 43
253 18 30
253 32 168
253 94 144
253 356 82
253 436 48
254 74 183
254 110 122
254 135 18
254 448 71
255 15 105
255 265 93
255 273 59
255 278 34
255 376 5
255 425 155
256 53 1
256 132 133
256 146 107
256 161 75
256 181 23
256 199 106
256 384 5
256 408 6
256 438 6
257 41 39
257 150 176
257 273 45
258 40 82
258 85 122
258 125 107
258 215 124
258 244 104
258 252 75
258 269 20
258 280 185
258 283 74
259 82 2
259 486 107
260 45 43
260 74 24
260 75 163
260 151 136
260 339 83
260 433 148
260 441 140
260 483 37
261 7 100
261 78 25
261 164 95
261 200 126
261 208 47
261 258 200
261 269 130
261 300 52
261 324 158
261 410 120
262 166 180
262 179 154
262 344 2
262 442 101
263 18 60
263 170 125
263 242 156
263 334 134
263 437 144
264 55 141
264 69 160
264 73 97
264 208 199
264 363 2
264 412 121
265 113 113
265 180 89
265 275 155
265 289 60
265 424 29
266 10 143
266 49 111
266 110 53
266 192 37
266 210 36
266 281 51
266 301 188
266 309 165
266 318 55
266 360 145
266 377 36
266 434 34
266 453 50
267 15 37
267 36 86
267 68 110
267 180 114
267 200 42
267 347 195
267 475 9
268 12 134
268 99 154
268 136 106
268 167 132
268 292 156
268 313 178
268 388 44
268 444 44
268 466 132
269 65 55
269 82 24
269 93 74
269 95 165
269 225 28
269 232 62
269 296 200
269 313 31
269 420 49
270 93 116
270 384 85
270 453 146
271 24 103
271 232 118
271 283 195
271 287 140
271 314 155
271 356 104
271 369 5
271 399 196
271 453 99
271 480 13
272 21 129
272 67 4
272 244 118
272 290 12
272 292 111
272 331 47
272 343 55
272 431 155
272 468 178
272 469 61
272 494 130
273 37 3
273 112 177
273 233 110
273 341 64
273 382 128
273 425 140
273 484 65
274 70 195
274 89 24
274 102 10
274 144 98
274 275 93
274 284 4
274 360 189
274 372 47
274 472 60
274 489 193
275 336 195
275 425 110
275 507 5
276 21 123
276 62 113
276 97 75
276 121 135
276 204 24
276 231 121
276 395 141
276 467 130
277 26 51
277 179 154
277 324 11
277 367 5
277 430 130
277 450 120
277 465 21
277 510 10
278 26 59
278 112 85
278 117 4
278 125 82
278 131 46
278 210 53
278 232 126
278 240 49
278 278 41
278 338 173
278 403 108
278 434 33
279 79 119
279 95 17
279 199 190
279 213 41
279 227 82
280 7 64
280 58 127
280 105 105
280 144 136
280 152 68
280 216 186
280 305 138
280 309 173
280 486 196
281 19 143
281 39 102
281 102 116
281 204 115
281 252 63
281 422 126
281 427 199
282 102 19
282 110 160
282 141 196
282 201 71
282 240 85
282 351 44
282 395 112
282 458 9
283 107 104
283 192 96
283 244 127
283 317 72
283 355 85
283 446 168
283 483 153
283 496 148
284 69 46
284 169 9
284 338 84
284 388 113
285 7 194
285 99 173
285 446 85
285 463 142
286 25 115
286 71 139
286 205 9
286 318 29
286 470 153
286 488 134
287 29 179
287 48 171
287 79 93
287 178 174
287 365 42
287 410 178
288 97 170
288 112 105
288 124 138
288 178 25
288 217 200
288 431 65
288 447 96
288 473 37
288 492 184
289 52 1
289 160 184
289 351 29
290 244 9
290 306 19
290 484 94
290 503 155
291 224 192
291 314 130
291 339 96
291 383 58
291 452 20
291 455 104
292 24 39
292 79 173
292 81 37
292 108 169
292 150 95
292 152 82
292 187 143
292 343 88
292 363 11
292 367 64
292 418 192
292 485 148
293 17 88
293 30 144
293 132 164
293 154 183
293 157 180
293 211 147
293 224 183
293 254 115
293 305 128
293 485 144
293 512 86
294 36 173
294 104 98
294 106 29
294 130 54
294 137 145
294 173 86
294 331 74
294 453 48
295 26 124
295 84 198
295 181 36
295 328 45
295 460 44
295 502 117
295 510 187
296 12 132
296 80 127
296 163 2
296 260 75
296 314 27
296 459 89
297 45 170
297 66 190
297 233 23
297 320 101
297 380 89
297 435 158
298 239 16
298 299 168
298 405 101
298 508 53
299 90 140
299 202 150
299 244 81
299 418 193
299 453 94
300 54 166
300 124 18
300 169 141
300 191 42
300 278 167
300 280 128
300 329 86
300 412 163
300 455 45
301 13 24
301 19 94
301 40 123
301 162 25
301 318 120
301 365 149
301 379 65
302 60 90
302 106 139
302 276 87
302 291 190
302 358 27
303 77 44
303 94 157
303 100 194
303 174 96
303 219 9
303 354 85
304 64 45
304 292 89
304 306 29
304 378 138
304 393 7
305 76 199
305 83 30
305 123 200
305 178 117
305 289 158
305 450 37
306 62 79
306 68 154
306 311 12
306 332 124
306 336 76
306 348 36
307 53 44
307 112 177
307 440 52
308 4 133
308 112 115
308 153 138
308 172 74
308 283 93
308 334 134
308 405 31
309 18 38
309 62 29
309 288 191
309 316 74
309 329 26
309 458 32
309 508 102
310 2 115
310 39 38
310 58 52
310 108 145
310 285 189
311 58 169
311 73 54
311 170 25
311 357 47
311 427 7
312 16 36
312 18 171
312 241 34
312 294 23
312 366 166
312 440 10
312 473 74
312 495 50
313 22 76
313 32 163
313 179 123
313 267 120
313 273 96
313 285 105
313 374 109
313 394 77
313 436 48
314 7 182
314 10 54
314 53 79
314 134 36
314 213 168
314 272 116
314 341 87
314 382 112
314 405 56
314 491 55
315 86 165
315 108 80
315 135 54
315 194 123
315 237 67
315 252 24
315 333 157
315 367 89
315 413 189
315 423 118
316 22 114
316 41 190
316 139 146
316 232 76
316 304 112
316 422 65
317 88 124
317 98 169
317 238 174
317 285 152
317 332 16
317 391 107
318 55 5
318 76 94
318 127 142
318 138 172
318 216 161
318 248 29
318 349 36
318 353 16
318 424 35
319 42 200
319 71 47
319 319 88
319 470 75
319 502 113
320 1 111
320 23 183
320 55 153
320 74 51
320 197 100
320 271 66
320 292 40
320 314 45
320 384 93
320 431 104
320 468 62
321 135 16
321 188 24
321 320 187
321 359 167
322 226 39
322 244 93
322 434 123
322 472 84
322 496 35
323 32 95
323 66 196
323 232 15
323 257 130
323 303 163
323 358 49
323 405 81
323 456 9
323 509 137
324 13 107
324 63 73
324 114 199
324 216 89
324 321 25
324 326 2
325 167 141
325 205 42
325 308 193
325 430 185
326 86 134
326 116 48
326 119 198
326 120 102
326 121 71
326 139 184
326 308 68
326 467 109
327 71 29
327 100 191
327 120 144
327 148 15
327 167 37
327 219 139
327 246 29
327 274 118
327 275 101
327 341 29
328 158 150
328 178 109
328 192 117
328 332 57
328 350 133
329 101 116
329 291 145
329 347 109
330 62 69
330 69 85
330 74 150
330 112 13
330 136 22
330 264 36
330 350 61
331 284 171
331 316 137
331 317 131
331 468 107
332 32 156
332 34 192
332 88 135
332 89 98
332 167 135
332 169 149
332 270 134
332 477 26
333 164 129
333 282 3
333 306 126
333 317 157
333 358 153
333 373 187
334 41 26
334 45 9
334 128 71
334 152 93
334 276 105
334 285 180
334 310 161
334 329 142
334 344 129
334 370 173
334 459 115
334 484 116
335 3 185
335 98 37
335 153 52
335 190 116
335 216 143
335 370 8
335 391 59
335 459 77
335 503 57
336 41 145
336 347 177
336 352 143
336 373 170
336 470 57
337 24 145
337 70 48
337 108 166
337 143 97
337 426 34
337 442 191
337 445 57
337 452 104
338 57 83
338 138 114
338 226 83
338 436 195
339 54 7
339 59 164
339 139 119
339 185 73
339 292 31
339 318 104
339 325 109
339 366 83
340 351 171
340 365 52
340 433 42
341 95 29
341 261 80
341 292 50
341 362 125
342 31 9
342 43 192
342 74 95
342 213 65
342 256 137
342 328 142
342 423 30
342 486 185
342 505 127
343 124 20
343 288 194
343 396 30
343 487 102
344 157 107
344 163 65
344 167 48
344 198 65
344 275 180
344 388 167
344 418 137
345 146 162
345 218 70
345 224 45
345 230 44
345 317 40
345 444 48
346 276 37
347 43 20
347 100 128
347 154 87
347 279 144
347 302 136
347 449 30
348 72 190
348 447 200
348 474 166
348 509 131
349 124 30
349 153 103
350 327 57
350 425 1
350 498 96
351 45 39
351 57 55
351 284 154
351 343 55
351 383 102
351 449 18
352 154 186
352 169 68
352 181 154
352 194 147
352 439 89
352 462 198
352 464 143
353 84 80
353 125 46
353 174 131
353 177 99
353 256 125
353 279 169
353 296 195
353 343 60
353 365 199
353 385 184
353 466 11
353 482 116
354 33 67
354 40 192
354 109 18
354 400 75
354 431 193
355 6 113
355 85 65
355 136 47
355 290 66
355 405 71
355 432 100
355 477 35
356 125 56
356 252 168
356 339 188
356 422 155
356 461 56
357 58 138
357 92 49
357 188 136
357 399 135
357 455 131
358 31 186
358 44 59
358 215 100
358 257 180
358 396 70
358 439 50
358 497 116
359 109 80
359 113 165
359 215 182
359 291 24
359 321 183
359 379 56
360 41 16
360 68 47
360 233 73
360 457 14
361 54 65
361 66 143
361 312 113
361 331 99
361 401 151
361 431 32
361 480 87
361 492 105
362 7 88
362 129 176
362 143 105
362 342 175
362 367 110
362 401 35
362 404 112
363 10 168
363 15 134
363 97 92
363 132 189
363 170 135
363 179 159
363 236 20
363 285 100
363 380 140
364 11 43
364 22 34
364 42 147
364 98 10
364 149 32
364 224 19
364 256 175
364 295 48
364 452 114
365 40 88
365 127 147
365 242 64
365 257 71
365 355 185
365 362 168
365 393 110
366 43 160
366 134 72
366 142 84
366 170 69
366 220 58
366 313 148
366 322 188
366 349 144
366 362 191
367 112 176
368 65 78
368 189 149
368 211 195
368 246 129
368 341 40
368 408 190
368 450 114
369 235 138
369 289 199
369 308 98
369 348 157
369 493 126
370 47 145
370 55 22
370 89 165
370 288 91
370 385 85
370 469 35
370 479 27
370 490 4
371 247 145
371 305 186
371 401 27
371 406 180
371 466 6
372 78 84
372 99 127
372 151 193
372 251 27
372 500 117
373 12 120
373 134 57
373 171 17
373 206 115
373 207 185
373 220 56
373 224 56
373 266 51
373 406 194
374 3 6
374 57 148
374 182 102
374 294 131
374 296 92
374 427 123
375 22 95
375 115 135
375 181 7
375 253 130
375 303 161
375 380 10
375 401 26
375 429 147
375 506 36
376 143 5
376 172 152
376 215 71
376 274 84
376 397 97
376 447 98
377 37 152
377 263 16
377 348 154
377 387 169
378 130 82
378 371 90
378 475 176
378 508 137
379 117 92
379 220 169
379 269 95
379 375 39
379 439 22
380 14 25
380 27 83
380 59 144
380 82 120
380 104 17
380 120 102
380 181 1
380 229 177
380 338 63
380 404 26
381 67 75
381 137 50
381 193 182
381 198 179
381 202 121
381 242 17
381 276 27
381 376 170
381 377 169
381 385 42
382 23 123
382 64 89
382 84 76
382 104 164
382 232 64
382 234 164
382 300 56
382 312 185
382 331 58
382 350 46
382 358 6
382 413 83
383 101 128
383 150 150
383 243 154
383 284 144
383 335 3
383 407 154
383 464 73
383 512 66
384 5 179
384 36 99
384 319 115
384 352 112
384 361 29
384 408 35
384 417 129
385 46 55
385 48 4
385 79 49
385 122 49
385 200 78
385 330 137
385 407 76
385 413 194
386 2 200
386 26 39
386 27 1
386 78 136
386 105 49
386 161 46
386 393 142
387 35 131
387 37 126
387 108 43
387 337 84
387 347 21
387 400 45
387 440 189
388 161 93
388 261 110
388 299 119
388 315 144
388 508 177
389 65 30
389 72 172
389 132 163
389 251 110
389 378 179
390 237 119
390 243 158
390 268 179
390 416 148
391 106 46
391 295 54
391 481 93
392 193 198
392 445 92
392 454 93
393 118 133
393 166 92
393 441 91
393 446 74
393 509 22
394 74 16
394 107 116
394 171 57
394 217 36
394 344 113
394 452 197
394 473 81
395 152 22
395 227 115
395 255 176
395 288 150
395 315 97
395 470 99
396 64 65
396 67 158
396 72 77
396 83 183
396 89 116
396 239 55
397 69 82
397 123 161
397 132 60
397 140 175
397 180 110
397 213 104
397 491 19
397 495 43
398 144 195
398 151 109
398 277 68
398 284 169
398 291 76
398 360 184
398 426 25
398 428 112
399 64 96
399 92 174
399 349 144
399 425 69
399 445 88
399 453 119
399 472 171
400 15 136
400 80 17
400 176 35
400 177 94
400 192 46
400 204 169
400 280 161
400 298 52
400 405 50
401 121 73
401 176 112
401 232 24
401 327 183
401 352 15
402 116 43
402 118 25
402 175 161
402 238 103
402 321 44
402 471 129
402 472 179
402 486 27
403 15 106
403 51 42
403 103 74
403 118 79
403 144 137
403 187 95
403 291 166
403 334 55
403 373 17
403 381 54
403 432 23
403 433 51
403 473 147
403 511 20
404 36 19
404 80 107
404 155 72
405 30 20
405 131 179
405 149 135
405 154 44
405 159 161
405 229 101
405 230 38
405 242 137
405 463 61
406 84 92
406 93 181
406 142 190
406 176 70
407 65 159
407 248 95
407 264 63
407 387 185
407 395 173
407 416 199
407 433 31
407 492 90
408 44 5
408 122 47
408 268 95
408 272 28
408 352 49
408 387 41
408 501 199
409 90 67
409 149 99
409 215 70
409 298 38
410 22 30
410 158 156
410 253 81
410 265 142
410 294 56
410 324 70
410 340 79
410 457 117
411 168 162
411 195 11
411 333 58
411 391 183
412 3 121
412 204 152
412 217 46
412 238 57
412 354 76
412 434 196
413 146 39
413 341 117
414 14 1
414 64 85
414 137 12
414 188 180
414 229 133
414 258 4
415 67 178
415 77 151
415 124 103
415 212 200
415 215 189
415 304 132
415 379 155
415 398 21
415 402 73
415 427 11
415 449 43
416 47 103
416 55 79
416 154 156
416 174 65
416 206 136
416 281 90
416 357 138
416 482 39
416 506 135
417 37 146
417 87 66
417 394 131
417 402 185
417 411 134
418 78 131
418 94 69
418 247 145
418 265 62
418 292 154
418 389 101
418 414 39
418 475 56
418 490 155
419 178 38
419 187 196
419 193 38
419 295 193
419 340 169
419 378 62
419 389 155
419 452 11
420 56 117
420 125 185
420 261 118
420 395 133
420 473 72
420 504 7
421 51 70
421 140 110
421 211 94
421 228 16
421 482 127
421 497 24
422 51 152
422 79 60
422 142 106
422 212 172
422 348 157
422 472 167
423 91 125
423 104 57
423 139 157
423 287 133
423 391 163
423 482 195
424 14 128
424 72 200
424 130 139
424 233 48
424 237 13
424 279 45
424 304 10
425 14 129
425 103 29
425 300 127
425 350 62
425 463 52
425 499 134
425 502 83
425 505 161
426 14 27
426 42 98
426 66 39
426 72 2
426 364 1
427 36 98
427 142 59
427 154 173
427 164 6
427 230 177
427 371 49
427 416 14
427 447 133
427 464 181
427 486 176
428 2 79
428 221 61
428 291 127
428 391 169
428 451 108
428 456 140
429 13 165
429 29 118
429 48 68
429 108 145
429 125 196
429 233 81
429 264 196
429 358 129
429 456 164
430 17 108
430 92 107
430 156 13
430 160 146
430 332 60
430 350 14
430 388 196
430 419 70
430 498 186
430 500 1
431 5 46
431 75 34
431 101 15
431 105 131
431 133 167
431 158 142
431 261 161
431 295 27
431 383 69
431 446 82
431 506 86
432 35 8
432 41 46
432 194 155
432 198 27
432 204 191
432 242 151
432 269 108
432 312 138
432 332 31
432 359 23
432 413 46
432 467 90
433 19 35
433 266 191
433 310 149
433 383 48
433 432 138
434 47 171
434 49 33
434 63 139
434 125 168
434 203 19
434 221 105
434 274 98
435 76 185
435 92 46
435 95 11
435 131 163
435 149 66
435 154 44
435 185 48
435 380 25
435 473 89
435 489 155
435 496 52
436 245 31
436 296 105
436 308 111
436 352 121
436 395 87
436 403 133
436 464 166
437 91 176
437 109 119
437 255 108
437 305 77
437 377 167
437 412 46
437 440 47
438 31 151
438 77 136
438 105 14
438 431 169
438 445 40
439 36 64
439 177 153
439 291 37
439 458 26
440 99 67
440 106 103
440 175 69
440 190 67
440 369 127
440 370 157
440 477 21
441 26 130
441 47 140
441 92 77
441 105 192
441 130 60
441 191 163
441 270 76
441 418 177
441 455 139
442 127 195
442 290 84
442 320 167
442 354 161
442 406 129
442 461 13
443 470 111
443 476 16
444 31 178
444 79 32
444 168 55
444 175 41
444 220 136
444 355 92
444 436 66
444 437 3
445 89 146
445 112 134
445 124 69
445 169 72
445 183 43
445 386 89
445 420 154
445 473 134
445 506 165
446 345 145
446 381 145
447 36 79
447 50 21
447 119 121
447 179 17
447 344 167
447 505 4
448 25 183
448 91 127
448 94 85
448 104 147
448 128 189
448 332 100
448 370 125
448 384 20
448 395 107
448 443 165
448 484 156
449 77 150
449 167 183
449 176 110
449 235 95
449 242 68
449 250 178
449 327 166
449 338 110
449 356 18
449 413 119
449 468 195
449 469 134
449 482 16
450 97 139
450 124 12
450 321 188
450 363 59
450 404 181
450 443 154
450 465 15
451 7 115
451 8 32
451 26 51
451 50 62
451 72 20
451 235 102
451 411 186
451 444 192
451 451 160
451 459 102
452 47 99
452 56 109
452 158 36
452 159 8
452 204 3
452 208 104
452 425 137
453 35 121
453 133 165
453 187 154
453 277 191
453 336 160
453 357 39
454 157 6
454 183 50
454 350 50
454 382 145
454 405 61
454 412 182
454 461 98
454 465 75
455 93 97
455 149 129
455 210 77
455 238 158
455 271 149
455 289 130
455 359 95
455 383 92
456 23 90
456 34 148
456 98 190
456 108 198
456 180 136
456 233 197
457 5 153
457 109 39
457 124 133
457 331 73
457 335 155
457 356 38
457 435 15
457 478 66
458 14 76
458 126 173
458 163 116
458 373 77
458 424 117
458 444 176
458 483 59
459 43 15
459 79 2
459 146 107
459 231 143
459 297 30
459 303 16
459 319 43
459 349 159
459 417 62
459 425 134
459 444 48
459 448 9
459 496 75
460 38 198
460 80 144
460 131 71
460 312 102
460 338 134
460 417 155
460 431 174
460 490 41
460 497 144
461 233 140
461 399 106
461 496 171
462 62 112
462 153 173
462 157 200
462 244 29
462 280 100
462 332 10
463 74 43
463 348 101
463 389 116
464 56 137
464 172 82
464 333 131
464 395 180
464 451 41
465 24 192
465 45 65
465 57 40
465 288 152
466 101 140
466 239 189
466 298 48
467 347 162
467 379 90
467 416 133
467 444 69
467 487 15
467 498 173
468 105 164
468 115 155
468 194 79
468 245 135
468 267 66
468 336 3
468 413 134
468 478 46
469 70 103
469 190 143
469 244 40
469 281 155
469 289 10
470 5 177
470 56 37
470 102 92
470 120 108
470 133 29
470 152 35
470 224 124
470 332 20
470 348 186
470 499 15
471 59 9
471 183 185
471 221 129
471 419 50
472 27 118
472 62 197
472 80 65
472 153 42
472 386 160
472 388 171
472 473 72
473 61 46
473 75 188
473 78 75
473 293 131
473 306 34
473 388 177
473 415 73
474 71 73
474 155 131
474 235 34
474 275 1
474 295 167
474 337 125
474 395 108
474 489 147
474 501 159
475 11 32
475 185 167
475 272 97
475 312 198
475 362 127
475 410 81
475 457 126
475 468 176
476 23 150
476 83 122
476 86 192
476 161 192
476 189 34
476 286 162
476 301 63
476 326 79
476 332 102
476 486 89
476 507 162
477 1 135
477 23 65
477 41 34
477 69 159
477 114 196
477 150 20
477 236 160
477 245 114
477 278 144
477 469 19
478 4 61
478 110 55
478 146 2
478 187 179
478 271 151
478 316 200
478 369 105
479 80 183
479 203 125
479 365 32
479 422 85
479 498 199
480 6 24
480 30 76
480 79 184
480 141 137
480 205 90
480 239 14
480 286 190
480 347 179
480 379 175
480 399 124
481 116 195
481 155 161
481 156 35
481 279 190
481 343 180
482 11 146
482 15 56
482 26 75
482 36 164
482 103 68
482 176 81
482 275 118
482 314 198
482 359 183
482 410 117
482 481 102
482 491 166
482 512 193
483 89 85
483 180 50
483 205 143
483 255 60
483 306 77
483 362 126
483 363 197
483 409 118
483 410 140
483 451 186
483 495 48
484 23 66
484 36 62
484 52 43
484 65 26
484 126 48
484 144 184
484 160 157
484 336 193
484 420 191
485 172 32
485 286 156
485 297 58
485 415 112
486 102 73
486 125 55
486 153 95
486 157 141
486 195 108
486 287 12
486 289 86
486 298 193
486 447 13
487 55 28
487 142 52
487 150 41
487 272 106
487 279 200
487 337 110
488 17 45
488 131 138
488 209 158
488 270 62
488 341 151
488 451 152
488 496 88
489 48 198
489 60 135
489 118 196
489 133 190
489 333 126
489 417 27
489 491 97
490 75 135
490 250 91
490 423 122
490 475 142
490 482 137
490 492 62
491 232 49
491 259 100
491 374 99
491 419 193
491 436 112
491 451 127
492 47 197
492 52 104
492 110 32
492 120 148
492 190 13
492 218 28
492 267 85
492 283 170
493 134 89
493 207 35
493 320 73
493 358 128
493 430 32
494 8 8
494 111 124
495 96 173
495 141 85
495 156 102
495 177 70
495 263 19
495 337 144
496 44 191
496 63 112
496 181 80
496 204 4
496 232 113
496 421 179
496 452 103
496 474 105
496 476 42
496 485 29
497 37 53
497 38 145
497 141 12
497 222 1
497 406 110
498 53 39
498 108 37
498 111 31
498 115 79
498 236 72
498 343 104
499 58 159
499 286 55
499 447 111
499 493 34
500 6 28
500 16 147
500 34 135
500 121 97
500 273 165
500 349 31
500 423 87
501 100 77
501 288 62
501 428 90
501 450 141
502 11 193
502 34 144
502 84 45
502 85 34
502 293 172
502 302 50
502 327 131
502 356 183
502 452 50
503 63 40
503 229 173
503 317 38
503 381 70
503 394 4
503 414 109
503 503 173
504 179 114
504 250 116
504 323 35
504 330 147
504 365 143
504 384 181
504 423 33
505 72 191
505 84 98
505 185 63
505 265 29
505 297 126
505 370 125
505 382 70
505 470 66
506 8 117
506 178 14
506 213 62
506 268 102
506 270 137
506 286 111
507 11 184
507 81 72
507 90 112
507 109 23
507 135 44
507 164 150
507 231 45
507 253 199
507 262 10
507 397 169
508 4 112
508 58 125
508 228 156
508 254 58
508 302 19
508 443 136
508 480 43
508 488 9
508 491 33
509 32 105
509 146 189
510 45 110
510 89 181
510 118 59
510 142 175
510 146 97
510 313 72
510 357 189
510 423 151
510 464 8
510 482 99
510 490 134
510 493 79
511 197 163
511 295 157
511 316 75
511 325 64
511 397 153
511 463 25
511 489 73
512 124 121
512 133 137
512 223 150
512 257 76
512 323 146
512 417 168
512 484 164

