500 1356
1 87 79
1 168 3
1 348 198
2 39 22
2 98 85
2 101 15
2 231 43
3 144 117
3 322 47
3 336 120
3 486 43
4 112 154
4 127 29
4 347 81
5 204 78
5 247 77
5 361 1
5 448 131
6 408 107
7 34 25
7 143 58
7 258 50
7 354 166
7 463 43
8 137 96
8 153 106
8 366 182
8 478 156
9 94 133
9 217 16
9 227 59
9 259 163
9 398 170
9 399 56
10 36 136
10 279 6
10 398 23
10 417 178
13 13 122
13 37 69
14 97 49
14 346 116
15 3 174
15 218 77
15 405 148
15 470 52
15 492 154
16 185 148
16 240 134
16 462 12
17 53 172
17 177 191
17 419 62
18 6 90
18 232 34
18 244 157
18 270 147
19 167 167
19 242 65
20 105 79
20 106 182
20 167 123
20 209 193
20 357 151
21 7 179
21 17 128
21 79 109
21 207 1
21 238 105
21 483 30
22 9 21
22 21 105
22 70 98
22 148 195
23 62 182
23 186 45
23 294 198
24 82 87
24 458 193
25 212 131
25 279 98
25 486 116
26 251 74
26 299 111
26 314 157
27 150 107
27 350 20
27 496 104
28 5 25
28 341 84
28 490 182
29 184 6
29 471 6
30 186 127
30 226 108
31 427 136
32 253 54
33 4 168
33 14 136
33 177 111
33 243 198
33 286 109
34 147 15
34 495 47
35 93 55
35 197 148
35 404 91
36 244 52
36 286 34
36 332 35
37 97 134
38 5 84
38 306 103
38 333 7
38 363 194
39 290 59
39 486 65
40 259 13
40 275 162
41 224 89
41 317 96
41 407 96
42 347 46
43 165 102
44 440 22
45 162 154
45 285 37
45 331 75
45 433 121
46 113 125
46 288 137
46 315 70
47 32 185
47 243 104
48 247 68
48 276 39
48 482 51
49 97 159
49 109 90
49 169 37
49 401 145
49 451 23
50 456 120
51 16 47
51 52 30
51 266 65
51 357 106
51 446 94
52 226 78
53 388 67
53 449 135
54 38 125
54 68 114
54 110 180
54 474 178
55 4 135
55 278 85
55 362 15
55 379 162
56 46 158
57 468 91
58 151 50
58 252 179
59 359 27
60 41 153
60 104 47
60 268 65
61 484 4
62 73 157
63 103 106
63 145 40
63 217 101
63 405 80
64 56 111
64 363 148
64 392 109
65 7 175
65 106 5
65 133 155
66 35 4
66 273 23
66 336 41
66 408 129
66 482 137
67 358 20
67 367 106
67 409 23
68 253 105
68 334 72
68 429 136
68 463 62
69 458 114
70 231 186
70 288 192
70 325 140
71 7 138
71 160 38
71 194 156
71 411 93
71 431 194
71 466 61
72 336 84
73 380 95
74 386 141
74 387 194
74 420 194
75 193 1
75 231 169
75 315 150
76 169 107
76 363 124
78 40 172
78 80 147
78 193 52
78 218 108
80 219 167
80 289 110
81 148 83
81 152 23
81 484 181
82 153 18
82 191 36
82 359 47
83 33 3
83 455 27
84 44 186
84 125 93
84 187 65
84 276 142
84 376 185
84 449 58
85 10 2
85 248 69
85 385 104
85 386 94
86 341 62
86 389 49
87 169 95
88 435 182
89 304 198
90 416 1
91 24 58
91 240 170
91 291 148
93 24 109
93 433 29
94 140 66
94 455 18
95 444 111
96 40 88
96 180 151
96 369 129
96 381 123
96 392 197
96 485 83
98 89 149
98 286 134
99 19 175
99 427 165
101 82 27
101 229 112
101 410 23
101 414 181
102 44 180
102 119 78
102 439 74
102 450 193
103 6 127
103 309 120
103 384 127
104 160 124
104 234 121
104 281 184
105 339 93
105 414 20
105 430 44
105 437 74
107 192 37
107 374 14
107 398 184
107 401 124
108 108 116
108 264 64
109 64 198
110 173 64
111 117 147
111 376 98
112 51 197
112 319 73
112 393 63
113 107 24
113 120 184
113 410 37
114 153 4
114 344 115
114 473 114
115 323 29
115 348 60
115 431 192
116 199 149
116 219 138
117 306 116
117 411 21
117 424 73
118 167 160
118 179 40
119 241 68
119 323 33
119 325 76
119 348 81
119 405 169
120 346 151
122 119 196
122 218 32
123 85 100
123 384 11
123 389 130
123 398 197
124 11 8
124 304 155
125 60 59
125 179 183
126 44 90
126 102 47
126 127 138
127 22 5
127 46 161
127 87 166
128 82 16
128 277 152
128 293 66
128 332 105
129 224 19
129 335 86
130 6 177
130 259 131
130 367 77
130 395 44
131 22 163
131 60 104
131 138 77
132 87 131
132 232 54
132 426 24
134 2 115
134 227 153
134 235 35
134 312 196
135 11 102
135 181 42
135 263 150
135 348 112
136 263 176
136 431 40
136 442 159
137 109 113
138 233 196
139 138 71
139 190 30
139 305 11
140 132 174
140 266 96
140 495 115
141 16 193
141 111 181
141 220 43
142 68 123
142 159 58
142 374 38
142 487 37
143 32 113
143 272 114
143 308 120
144 352 167
145 101 138
145 198 186
145 397 71
145 473 124
145 480 181
146 34 124
146 349 117
146 351 131
147 29 36
147 100 92
147 232 170
147 348 194
148 374 156
150 11 165
150 106 16
150 185 185
150 318 127
150 392 189
151 374 80
151 498 193
152 335 133
152 494 13
154 65 35
154 128 55
154 205 22
155 234 72
155 256 44
155 315 134
155 346 138
155 359 163
155 488 52
155 498 27
156 257 148
157 28 75
158 107 150
158 171 80
158 190 198
158 345 18
159 70 10
159 144 33
160 162 109
160 353 179
161 129 178
161 317 64
161 384 95
161 468 193
162 72 200
162 158 21
162 186 182
162 192 32
162 358 13
162 461 66
163 137 44
163 392 199
163 404 121
164 176 17
164 268 23
164 306 116
164 335 150
164 377 160
164 494 30
165 176 2
165 405 138
166 143 129
166 336 28
166 485 39
167 290 8
167 481 25
168 64 56
168 279 18
168 313 58
168 319 116
168 474 148
169 209 187
169 279 131
169 344 43
170 122 180
170 200 130
170 492 63
171 53 113
171 243 161
172 212 28
172 300 178
172 403 156
172 476 178
173 37 50
173 241 172
173 416 200
173 453 165
174 179 122
174 363 111
174 386 146
175 53 75
175 420 48
175 430 74
176 286 102
176 330 86
176 407 34
177 23 78
177 160 93
177 234 51
178 337 135
178 370 8
179 148 198
179 377 122
179 499 138
180 47 192
180 178 53
180 323 68
180 324 7
181 29 165
181 274 180
181 332 34
181 454 94
182 133 136
182 135 11
182 211 144
182 343 107
183 33 163
183 357 60
183 420 180
184 44 25
184 188 6
184 284 6
184 395 73
185 333 31
185 385 59
185 490 110
186 93 64
186 209 137
186 260 3
187 28 114
187 285 23
188 133 10
190 17 64
190 104 96
190 202 100
191 138 55
191 254 148
192 43 167
192 208 61
192 211 64
192 282 98
192 302 46
192 318 158
192 335 33
192 338 9
192 350 53
192 421 92
192 434 123
193 77 112
193 78 23
194 181 147
194 307 69
194 397 181
195 90 19
195 134 100
195 140 191
196 101 81
196 232 163
196 266 79
197 96 35
197 149 77
197 172 102
197 380 196
197 386 92
198 111 149
198 145 95
198 326 98
199 108 49
199 113 13
199 285 159
199 409 64
200 83 111
200 88 156
200 128 21
200 171 95
200 306 164
200 354 25
200 485 186
201 101 38
201 312 137
201 356 161
202 115 185
202 363 5
202 479 141
203 360 155
204 98 56
204 123 131
204 275 35
204 392 19
204 496 10
205 33 69
205 96 47
205 109 63
205 215 17
206 269 138
206 358 163
207 109 111
207 202 35
207 329 11
207 390 124
207 490 145
208 31 75
208 271 186
208 353 53
208 441 47
209 217 80
209 359 168
210 119 72
210 455 18
211 54 6
211 177 160
212 32 130
212 447 190
214 288 116
215 127 70
215 436 144
216 368 172
217 158 152
217 413 131
218 31 190
218 355 113
218 402 151
218 448 188
218 469 127
219 30 167
219 195 77
219 335 90
219 362 78
219 442 111
220 23 52
221 47 153
221 162 8
221 222 126
221 339 138
221 362 12
222 126 125
223 305 169
223 349 179
223 426 148
224 4 186
224 319 184
224 348 59
225 101 67
225 177 125
225 329 174
225 455 136
226 11 69
226 67 97
226 262 40
226 296 199
227 6 38
227 109 104
227 304 149
227 426 25
228 149 183
228 359 116
229 99 101
229 265 72
229 434 145
230 26 164
230 338 75
230 403 97
230 426 123
231 264 1
231 428 186
231 433 134
232 397 77
232 413 154
233 35 112
233 335 24
233 346 92
233 379 48
234 386 82
235 335 158
236 56 172
236 64 7
236 141 46
236 157 40
236 185 104
236 367 37
237 97 190
237 216 93
237 243 92
237 276 91
237 354 118
237 363 74
238 254 158
238 277 170
238 488 145
239 238 102
239 288 133
240 392 20
241 165 150
241 438 55
242 341 172
243 49 135
243 243 140
243 297 200
244 120 40
244 131 52
244 402 175
245 92 83
245 192 99
245 496 8
246 18 193
246 87 22
246 222 14
246 467 190
246 475 62
247 35 69
247 49 26
247 371 3
247 418 162
248 96 117
248 265 93
249 369 31
250 112 191
250 146 2
251 212 200
251 322 87
251 424 103
253 377 133
253 473 58
254 43 4
254 67 139
254 316 181
254 480 90
255 342 79
256 12 132
256 101 130
256 183 82
257 6 106
257 324 164
257 468 180
258 225 113
258 324 156
258 355 1
259 29 79
259 54 97
259 320 14
259 492 147
260 448 74
262 5 169
262 92 60
262 147 191
262 404 13
263 16 90
263 152 133
264 261 15
265 13 90
265 345 171
266 162 69
267 139 174
268 169 181
268 210 73
268 372 64
269 75 113
269 167 162
269 444 142
269 495 45
270 100 43
270 336 23
271 182 150
271 308 159
271 433 154
272 71 15
272 348 66
273 63 107
273 73 93
273 465 163
274 171 72
274 211 191
274 277 36
274 280 40
275 61 51
275 152 178
275 255 5
275 380 92
276 87 62
276 190 19
276 307 181
277 310 185
279 124 87
279 217 106
280 10 165
280 33 111
280 312 170
281 169 29
281 171 25
281 381 63
282 195 73
282 473 67
283 379 86
283 477 175
285 85 25
285 229 191
285 328 141
285 342 91
285 439 49
285 463 33
286 153 5
286 329 121
286 335 175
287 203 40
287 329 112
288 116 25
288 257 18
288 321 116
288 327 117
289 220 31
289 492 134
290 22 49
291 273 15
291 435 173
291 487 155
292 5 131
294 142 83
294 182 76
294 486 160
295 251 107
296 45 138
298 59 184
299 134 126
299 266 175
299 319 110
300 124 102
300 226 166
300 421 50
301 21 192
301 34 14
302 39 34
302 143 148
302 202 86
302 404 9
303 94 188
303 131 198
303 182 33
304 47 157
304 85 113
304 282 101
304 375 187
305 457 199
306 82 150
306 407 154
306 477 123
307 319 56
307 347 84
307 425 157
308 175 83
309 274 43
310 98 64
310 189 20
310 232 179
310 247 141
310 401 195
311 135 88
311 375 42
311 397 112
311 409 90
312 68 186
312 122 77
312 272 123
312 292 133
312 333 163
313 20 131
314 10 72
314 26 112
314 48 116
314 179 28
314 363 176
315 5 16
315 331 167
315 379 174
315 433 117
316 7 120
316 278 96
316 398 124
317 83 155
317 171 53
317 386 6
317 403 150
317 489 68
318 139 178
318 300 128
318 355 160
318 435 172
319 188 167
319 227 1
319 295 35
319 358 56
319 473 138
320 500 111
322 58 179
322 80 23
322 90 25
322 492 61
323 65 94
323 396 136
323 398 176
323 407 74
324 84 112
324 200 144
324 209 192
324 226 85
324 428 12
325 306 111
325 487 133
326 88 136
326 105 17
326 327 137
327 413 93
328 19 166
328 179 156
328 254 70
329 337 45
331 158 115
331 309 193
331 351 12
332 110 67
332 219 27
332 323 67
332 459 5
333 112 138
333 329 197
333 361 27
333 423 162
334 34 58
334 209 72
334 299 98
334 494 185
336 178 145
336 214 161
336 420 80
336 488 136
337 64 197
337 126 92
337 354 198
337 379 129
337 427 179
337 447 15
338 102 17
338 392 71
338 412 132
339 125 172
339 237 93
340 46 177
340 149 86
341 199 85
341 248 188
342 64 153
342 233 112
342 316 6
342 337 109
342 478 1
343 292 3
343 324 87
344 104 114
344 163 12
344 284 158
344 291 163
344 470 148
346 102 55
347 149 123
347 276 28
347 285 142
347 353 120
348 311 71
348 367 140
348 472 200
349 93 49
349 124 106
349 198 17
350 39 71
351 2 37
351 102 188
352 277 163
352 427 165
352 465 26
352 499 200
353 125 152
353 452 178
354 280 111
354 397 110
354 410 38
355 84 63
355 100 64
355 124 124
355 209 176
356 123 75
356 275 81
356 300 139
357 121 174
357 240 87
357 265 13
357 312 1
358 95 29
359 78 132
359 288 71
359 335 120
362 479 132
364 106 71
364 116 25
364 339 148
364 389 142
364 447 13
365 98 87
365 236 56
365 260 178
365 475 112
365 495 55
366 109 81
366 113 41
366 146 117
366 274 190
366 414 78
367 255 179
367 294 53
368 485 1
369 251 155
369 338 79
370 273 34
370 287 45
371 19 5
371 256 120
372 225 57
372 313 5
373 244 100
373 468 141
375 98 28
376 235 19
376 345 24
377 31 50
377 92 195
377 245 171
378 13 191
378 138 8
378 290 9
378 323 199
379 73 137
379 184 121
380 84 53
380 213 169
380 290 161
380 324 170
381 59 111
381 122 39
381 198 100
381 432 115
382 316 191
382 382 6
382 401 146
383 324 24
384 50 50
384 109 150
384 228 96
385 219 59
385 383 154
385 388 195
385 398 151
385 416 133
386 79 14
387 420 174
388 301 135
388 309 8
389 31 96
389 87 77
389 300 167
389 327 104
390 82 75
390 115 55
390 194 24
391 222 80
391 428 176
392 7 185
392 293 49
393 226 86
393 253 175
395 171 100
396 71 200
397 48 165
397 161 106
397 287 145
397 339 141
397 423 107
397 487 94
398 147 188
398 393 165
399 19 200
399 122 182
399 181 115
399 449 84
400 456 147
400 465 40
401 214 18
401 315 107
401 424 135
401 431 95
402 31 25
402 243 39
402 459 121
403 133 32
403 158 62
403 344 200
403 356 7
403 412 198
404 256 48
404 391 92
405 24 172
405 200 148
405 229 43
406 169 89
406 289 5
406 419 188
408 9 181
408 50 111
408 51 33
408 76 168
408 473 76
409 10 184
409 45 101
409 159 142
410 75 68
410 179 200
410 258 134
410 464 37
411 150 58
411 360 68
412 74 83
412 168 82
412 254 106
412 285 4
412 491 65
413 337 120
413 428 3
413 463 71
414 343 117
415 99 3
415 312 114
415 355 41
416 443 150
417 95 157
417 253 81
418 183 106
418 208 96
418 222 61
418 308 16
418 342 128
418 366 180
418 403 43
419 79 64
420 291 80
420 320 185
420 337 83
420 398 79
420 430 118
421 196 119
422 136 88
422 359 137
422 436 2
423 32 122
423 281 43
424 88 5
424 126 186
424 237 114
424 344 7
425 83 57
425 227 182
426 127 9
427 169 122
427 405 174
428 82 110
428 128 78
428 450 54
428 456 15
429 50 125
429 107 66
429 188 183
431 224 53
432 231 45
432 271 25
432 366 68
432 401 125
432 492 9
433 267 150
433 426 155
433 483 78
434 12 68
434 180 43
434 211 167
434 439 21
435 4 164
435 111 9
435 133 25
435 254 101
435 349 74
435 427 184
435 461 109
436 261 55
436 294 144
437 208 31
437 301 29
438 216 6
438 488 60
439 179 34
439 201 172
439 221 185
439 304 100
440 60 154
440 96 189
440 169 144
440 245 179
440 369 56
440 463 20
441 80 139
441 102 5
441 130 127
441 261 169
441 370 24
442 211 121
443 43 135
443 282 45
443 360 84
444 65 95
445 54 21
445 68 136
445 188 168
445 237 156
445 298 45
445 398 174
446 123 100
446 430 75
447 93 154
447 123 57
447 166 134
448 225 188
448 326 180
449 317 118
450 49 39
450 286 134
450 410 58
451 95 182
451 195 64
451 216 113
452 40 154
452 416 2
453 158 117
453 228 80
453 246 122
453 416 93
454 195 200
454 326 56
455 55 137
455 95 35
455 216 102
455 252 109
456 159 122
456 171 69
456 216 65
456 276 166
457 1 195
457 48 116
457 193 192
457 374 148
457 442 172
457 484 78
458 97 87
458 221 151
459 127 147
459 134 125
459 357 36
459 423 5
459 478 59
460 49 99
460 69 117
460 419 12
461 18 53
461 41 186
461 169 43
461 277 174
461 332 78
461 380 194
461 462 182
462 352 166
462 393 180
463 12 83
463 48 74
463 205 101
463 222 104
464 62 138
464 310 19
464 468 50
466 10 5
467 294 10
467 474 149
467 497 176
468 198 87
468 231 36
469 439 79
471 75 34
471 207 160
472 63 114
472 92 190
472 285 170
472 340 165
473 105 106
473 301 133
473 463 169
474 123 43
474 277 127
475 41 142
475 260 72
476 138 120
476 494 75
477 240 189
477 405 51
477 422 110
477 441 63
478 4 104
478 312 165
479 219 152
479 294 122
480 238 14
480 299 157
481 17 83
481 24 162
481 107 84
481 169 170
481 421 197
482 48 114
482 87 155
482 99 109
482 138 28
482 168 96
482 176 30
482 225 144
483 57 153
483 79 163
483 81 112
483 127 196
484 216 89
484 233 5
485 301 19
485 385 161
486 137 80
487 187 8
487 192 11
487 243 141
487 496 70
488 78 114
488 145 105
488 170 173
488 315 187
488 420 118
489 4 81
489 49 70
489 366 31
489 375 165
490 416 191
491 350 180
492 115 78
492 342 97
493 267 40
494 196 57
494 295 192
495 275 69
496 167 152
496 355 144
496 414 31
497 118 63
497 198 91
497 213 120
497 385 68
498 172 110
498 346 32
499 98 99
499 379 117
500 101 42
500 180 191
500 301 138
500 340 108

