235 8218
1 1 39
1 15 107
1 16 81
1 17 49
1 28 12
1 58 60
1 65 119
1 67 172
1 69 129
1 71 188
1 76 114
1 83 103
1 93 142
1 95 62
1 96 86
1 100 60
1 104 37
1 124 104
1 125 73
1 127 19
1 132 74
1 136 92
1 141 52
1 142 187
1 143 143
1 151 52
1 165 51
1 169 89
1 172 97
1 184 18
1 198 30
1 203 87
1 209 124
1 210 110
1 221 135
2 4 87
2 11 122
2 14 6
2 18 58
2 27 2
2 45 193
2 46 124
2 54 56
2 77 86
2 79 185
2 81 93
2 84 145
2 97 173
2 107 197
2 124 169
2 128 191
2 157 70
2 162 12
2 167 195
2 173 8
2 186 106
2 187 46
2 193 11
2 198 195
2 210 94
2 220 28
2 230 24
3 2 180
3 3 151
3 11 86
3 32 66
3 42 37
3 49 159
3 50 71
3 54 47
3 76 160
3 94 15
3 96 170
3 101 167
3 103 52
3 114 106
3 118 59
3 119 196
3 127 79
3 129 55
3 131 116
3 132 21
3 134 76
3 147 128
3 151 15
3 159 84
3 161 185
3 181 12
3 182 94
3 185 131
3 186 105
3 205 73
3 219 155
3 222 36
3 233 23
4 1 192
4 11 102
4 35 11
4 40 150
4 59 124
4 64 57
4 84 61
4 86 91
4 99 178
4 114 27
4 119 142
4 134 84
4 144 85
4 154 90
4 155 114
4 156 92
4 159 5
4 165 134
4 169 167
4 173 84
4 181 101
4 182 2
4 183 21
4 191 112
4 196 47
4 202 151
4 209 17
4 210 119
4 213 105
4 219 52
4 222 141
4 225 48
4 227 105
4 231 104
4 232 197
5 17 29
5 22 160
5 32 9
5 36 71
5 41 90
5 55 35
5 57 12
5 73 173
5 76 72
5 80 53
5 85 86
5 86 163
5 90 10
5 93 171
5 95 81
5 105 93
5 126 71
5 127 83
5 136 65
5 145 183
5 148 81
5 152 16
5 157 151
5 168 200
5 183 72
5 184 2
5 202 92
5 213 120
5 221 107
5 231 195
5 235 68
6 10 87
6 35 107
6 41 77
6 43 157
6 52 196
6 53 63
6 54 120
6 55 168
6 61 86
6 62 173
6 68 5
6 75 48
6 97 182
6 99 127
6 104 81
6 124 26
6 125 198
6 131 115
6 133 91
6 138 132
6 141 195
6 143 58
6 169 82
6 180 194
6 181 129
6 185 35
6 188 86
6 206 48
6 216 93
6 221 32
6 227 68
6 234 131
7 2 138
7 11 96
7 24 39
7 39 133
7 56 158
7 57 159
7 60 52
7 65 44
7 67 83
7 70 8
7 72 43
7 86 16
7 89 135
7 103 123
7 113 193
7 114 84
7 121 189
7 126 35
7 138 15
7 154 184
7 156 92
7 160 48
7 161 129
7 162 21
7 174 34
7 177 14
7 179 20
7 185 79
7 192 198
7 196 87
7 198 9
7 210 135
7 223 134
7 228 48
8 3 20
8 17 92
8 20 158
8 39 71
8 49 87
8 62 192
8 76 79
8 94 81
8 113 7
8 117 165
8 124 156
8 126 199
8 127 48
8 134 144
8 149 34
8 152 14
8 177 79
8 180 125
8 182 61
8 192 8
8 194 97
8 196 46
8 197 173
8 200 69
8 213 124
8 217 170
8 218 155
8 222 133
8 223 57
8 225 41
8 227 132
8 228 76
9 2 84
9 4 41
9 6 98
9 9 170
9 10 32
9 11 128
9 22 2
9 26 190
9 40 92
9 42 157
9 43 140
9 82 139
9 88 53
9 92 173
9 98 152
9 122 131
9 123 50
9 124 164
9 126 138
9 129 98
9 131 10
9 139 63
9 157 166
9 168 133
9 170 32
9 186 73
9 201 17
9 207 88
9 213 113
9 217 100
9 218 115
10 10 196
10 17 92
10 18 13
10 25 117
10 27 123
10 28 140
10 36 118
10 41 64
10 43 184
10 48 27
10 57 4
10 90 122
10 117 31
10 121 128
10 123 26
10 128 161
10 129 129
10 140 189
10 149 51
10 154 27
10 160 150
10 167 113
10 180 144
10 181 35
10 192 96
10 199 16
10 200 51
10 210 184
10 216 80
10 226 103
11 17 98
11 31 75
11 32 194
11 35 62
11 43 191
11 45 69
11 66 2
11 77 61
11 94 132
11 95 185
11 96 39
11 120 87
11 127 58
11 129 69
11 136 15
11 142 35
11 147 181
11 149 143
11 151 176
11 153 31
11 158 121
11 164 125
11 169 95
11 174 65
11 180 111
11 183 191
11 184 80
11 188 162
11 200 126
11 202 160
11 212 16
11 213 23
12 5 186
12 18 161
12 23 37
12 29 129
12 31 29
12 40 38
12 42 141
12 54 113
12 55 174
12 73 179
12 85 199
12 91 183
12 94 199
12 98 13
12 116 18
12 118 179
12 122 108
12 123 145
12 138 162
12 144 28
12 146 21
12 154 56
12 155 92
12 162 132
12 170 198
12 180 124
12 186 45
12 191 123
12 209 35
12 223 60
12 232 98
12 234 172
13 2 20
13 5 134
13 6 100
13 11 1
13 13 123
13 21 40
13 30 113
13 35 48
13 36 170
13 44 111
13 65 30
13 66 168
13 83 124
13 108 199
13 112 99
13 121 31
13 122 95
13 132 12
13 135 10
13 167 116
13 171 19
13 176 102
13 186 47
13 192 17
13 193 177
13 197 91
13 198 91
14 7 11
14 17 150
14 19 188
14 58 182
14 60 121
14 65 121
14 67 34
14 68 121
14 70 195
14 75 25
14 77 33
14 79 42
14 82 195
14 84 144
14 108 24
14 109 114
14 114 19
14 115 174
14 123 164
14 160 1
14 169 69
14 171 175
14 172 10
14 176 184
14 190 194
14 204 63
14 222 30
14 231 10
14 234 39
15 1 72
15 2 100
15 18 1
15 28 21
15 31 40
15 37 135
15 47 93
15 49 112
15 51 120
15 62 14
15 71 107
15 75 144
15 79 198
15 84 148
15 88 90
15 89 93
15 113 123
15 114 156
15 134 111
15 139 97
15 144 119
15 154 63
15 156 165
15 165 46
15 197 25
15 203 100
15 215 39
15 232 87
15 235 129
16 1 200
16 3 78
16 12 200
16 13 51
16 14 30
16 15 172
16 20 42
16 22 164
16 23 16
16 25 154
16 31 35
16 34 29
16 43 60
16 51 179
16 55 27
16 64 159
16 70 20
16 73 71
16 75 82
16 87 175
16 88 134
16 92 130
16 93 46
16 102 196
16 126 94
16 136 91
16 145 172
16 150 193
16 163 129
16 167 59
16 168 73
16 176 80
16 182 88
16 189 24
16 191 82
16 192 117
16 219 147
17 5 124
17 9 33
17 25 162
17 33 77
17 45 67
17 51 143
17 54 88
17 62 45
17 64 121
17 78 198
17 95 17
17 99 191
17 100 31
17 102 191
17 110 124
17 112 160
17 114 36
17 120 72
17 131 5
17 136 126
17 140 43
17 154 149
17 155 6
17 157 101
17 160 21
17 162 37
17 184 140
17 200 196
17 207 119
17 213 57
17 219 142
17 222 42
17 227 41
17 229 104
17 234 70
18 3 107
18 21 198
18 24 109
18 32 104
18 37 118
18 41 106
18 42 120
18 50 108
18 61 137
18 62 62
18 70 32
18 74 48
18 80 98
18 81 103
18 89 53
18 107 175
18 114 145
18 123 1
18 135 181
18 139 198
18 147 174
18 150 17
18 153 89
18 173 169
18 174 87
18 191 97
18 193 63
18 199 80
18 200 137
18 202 118
18 212 101
18 213 196
18 233 115
19 3 9
19 5 99
19 13 32
19 19 115
19 20 170
19 25 139
19 43 3
19 64 31
19 65 122
19 70 50
19 72 80
19 77 24
19 89 102
19 91 55
19 113 121
19 114 55
19 125 187
19 141 70
19 150 28
19 153 155
19 156 110
19 157 196
19 160 42
19 171 7
19 184 58
19 190 121
19 191 143
19 199 127
19 206 22
19 216 138
19 222 41
19 226 182
19 234 188
20 2 72
20 9 48
20 11 109
20 18 11
20 34 50
20 39 92
20 41 132
20 43 52
20 55 171
20 57 108
20 58 153
20 59 25
20 61 180
20 68 7
20 70 163
20 74 1
20 77 186
20 80 118
20 86 110
20 98 134
20 101 159
20 125 116
20 127 191
20 135 31
20 151 11
20 164 118
20 173 4
20 179 100
20 189 110
20 192 186
20 196 88
20 205 182
20 207 33
20 208 148
20 220 144
20 225 35
20 226 39
20 227 75
20 232 86
21 12 162
21 15 134
21 20 190
21 21 138
21 23 113
21 28 149
21 30 101
21 33 65
21 47 134
21 51 18
21 53 175
21 54 67
21 87 176
21 92 42
21 121 10
21 125 158
21 130 52
21 132 79
21 137 162
21 143 152
21 153 188
21 162 99
21 166 191
21 170 169
21 171 131
21 176 90
21 177 64
21 181 117
21 186 129
21 198 139
21 207 2
21 211 42
21 214 24
21 233 144
21 234 179
21 235 89
22 16 92
22 26 79
22 30 153
22 55 177
22 66 48
22 67 79
22 77 44
22 80 23
22 87 121
22 90 5
22 106 133
22 107 124
22 115 83
22 125 94
22 130 75
22 143 22
22 144 192
22 148 17
22 149 143
22 180 74
22 186 107
22 188 6
22 203 143
22 210 187
22 213 96
22 228 144
23 3 28
23 8 120
23 13 39
23 26 6
23 34 160
23 35 130
23 36 37
23 45 112
23 50 107
23 57 84
23 63 143
23 68 102
23 76 59
23 81 63
23 83 106
23 87 191
23 93 186
23 117 140
23 118 84
23 127 13
23 133 161
23 138 27
23 150 29
23 151 103
23 165 52
23 166 87
23 169 61
23 176 194
23 179 73
23 187 156
23 188 90
23 195 100
23 196 75
23 203 128
23 209 106
23 210 34
23 233 10
24 6 94
24 11 98
24 23 68
24 40 177
24 60 40
24 64 169
24 69 35
24 71 54
24 73 74
24 78 25
24 79 191
24 100 13
24 105 60
24 123 155
24 125 125
24 129 38
24 140 184
24 142 180
24 144 90
24 150 22
24 153 40
24 164 35
24 170 95
24 179 195
24 181 76
24 182 194
24 184 22
24 190 156
24 192 51
24 197 7
24 212 165
24 225 96
24 227 104
24 229 32
24 231 73
25 2 95
25 7 152
25 10 107
25 12 100
25 13 25
25 19 84
25 24 91
25 27 189
25 32 95
25 34 45
25 48 65
25 55 133
25 61 180
25 63 44
25 65 174
25 69 154
25 71 83
25 80 8
25 95 48
25 102 78
25 105 84
25 121 193
25 122 99
25 123 191
25 137 196
25 140 105
25 145 155
25 151 91
25 157 161
25 171 138
25 175 163
25 177 7
25 183 89
25 185 22
25 203 107
25 205 65
26 2 57
26 6 149
26 7 5
26 10 151
26 12 145
26 14 69
26 19 83
26 28 77
26 32 113
26 35 56
26 36 30
26 44 195
26 55 16
26 60 29
26 61 24
26 66 51
26 68 21
26 69 74
26 71 41
26 83 168
26 89 131
26 90 147
26 104 59
26 106 43
26 108 84
26 114 173
26 117 49
26 119 172
26 121 146
26 122 107
26 133 36
26 143 2
26 152 7
26 174 192
26 177 153
26 178 104
26 200 60
26 203 187
26 218 132
26 220 124
26 227 195
26 230 161
27 14 71
27 15 10
27 16 141
27 18 94
27 25 12
27 35 113
27 38 120
27 41 52
27 42 81
27 43 50
27 44 198
27 48 91
27 55 92
27 62 33
27 63 15
27 66 92
27 80 4
27 81 161
27 107 199
27 110 191
27 114 114
27 119 157
27 126 182
27 142 18
27 144 60
27 148 193
27 149 5
27 150 191
27 157 117
27 168 151
27 176 103
27 177 187
27 190 160
27 205 195
27 208 32
27 209 123
27 218 108
27 223 151
27 225 126
27 230 140
28 10 200
28 26 123
28 30 30
28 31 43
28 38 107
28 54 44
28 58 135
28 60 110
28 64 156
28 78 85
28 84 52
28 88 70
28 89 41
28 146 185
28 149 87
28 151 53
28 157 129
28 161 43
28 162 195
28 167 45
28 171 193
28 179 50
28 195 183
28 200 104
28 215 44
28 225 167
29 5 26
29 15 103
29 18 69
29 48 151
29 58 42
29 66 21
29 72 25
29 75 23
29 84 63
29 88 131
29 95 19
29 113 149
29 127 192
29 131 174
29 144 33
29 149 195
29 158 195
29 160 26
29 161 131
29 169 82
29 193 30
29 204 60
29 227 76
30 12 176
30 20 56
30 24 69
30 35 25
30 40 39
30 56 172
30 58 69
30 59 157
30 60 150
30 61 123
30 66 25
30 78 52
30 84 165
30 85 45
30 88 29
30 92 187
30 97 60
30 98 111
30 108 5
30 109 8
30 113 103
30 115 131
30 117 193
30 118 49
30 120 125
30 125 170
30 131 180
30 132 158
30 137 199
30 139 39
30 146 34
30 147 174
30 152 94
30 163 54
30 167 151
30 175 84
30 185 25
30 186 171
30 191 40
30 200 126
30 205 93
30 221 17
31 6 178
31 13 57
31 20 61
31 21 6
31 35 196
31 62 72
31 64 116
31 68 200
31 71 80
31 74 170
31 75 82
31 79 72
31 83 19
31 97 7
31 106 41
31 109 150
31 133 116
31 150 191
31 151 188
31 155 149
31 172 164
31 182 33
31 185 2
31 186 66
31 190 117
31 193 179
31 211 36
31 218 108
31 222 56
31 223 129
32 3 124
32 6 33
32 7 185
32 23 137
32 24 190
32 29 180
32 54 8
32 57 106
32 63 132
32 74 39
32 75 27
32 82 13
32 84 110
32 86 45
32 90 171
32 93 102
32 103 146
32 110 87
32 116 92
32 118 85
32 124 187
32 128 8
32 133 118
32 135 141
32 140 73
32 153 186
32 162 71
32 178 109
32 188 45
32 195 126
32 204 189
32 206 169
32 226 111
32 228 173
32 229 57
33 5 100
33 10 105
33 13 16
33 17 5
33 20 188
33 30 55
33 39 184
33 43 200
33 46 116
33 53 180
33 54 123
33 57 18
33 60 126
33 81 161
33 92 61
33 98 10
33 109 99
33 115 20
33 116 127
33 118 39
33 126 45
33 130 64
33 132 61
33 137 105
33 141 109
33 150 187
33 151 93
33 158 29
33 175 97
33 176 17
33 177 85
33 187 148
33 203 121
33 235 100
34 7 105
34 8 108
34 21 106
34 32 88
34 34 60
34 41 22
34 42 67
34 47 182
34 48 191
34 53 192
34 56 94
34 62 51
34 71 2
34 78 192
34 81 23
34 85 80
34 91 31
34 94 67
34 99 96
34 103 43
34 104 123
34 106 4
34 107 181
34 116 15
34 130 32
34 132 77
34 140 183
34 142 68
34 143 25
34 157 104
34 158 119
34 168 129
34 171 163
34 172 25
34 175 168
34 182 174
34 186 46
34 190 34
34 192 107
34 193 188
34 197 26
34 206 200
34 217 190
34 222 179
34 233 192
34 234 12
35 2 10
35 3 174
35 5 30
35 10 105
35 18 16
35 19 152
35 30 60
35 35 197
35 42 118
35 43 91
35 44 25
35 47 101
35 51 110
35 57 1
35 68 156
35 72 29
35 77 81
35 93 70
35 94 5
35 108 48
35 111 44
35 125 50
35 129 34
35 131 150
35 142 189
35 151 11
35 153 150
35 163 178
35 167 141
35 169 93
35 174 190
35 175 150
35 176 66
35 200 171
35 201 7
35 215 33
35 221 75
36 4 66
36 6 181
36 7 192
36 12 109
36 25 158
36 44 44
36 45 18
36 56 110
36 62 151
36 63 198
36 73 191
36 74 21
36 91 2
36 102 190
36 103 64
36 104 3
36 107 23
36 117 165
36 130 191
36 146 185
36 147 66
36 166 169
36 167 125
36 171 158
36 173 110
36 178 27
36 194 175
36 195 80
36 202 33
36 210 160
36 234 154
37 12 50
37 14 92
37 31 98
37 36 158
37 47 49
37 63 141
37 72 128
37 73 159
37 80 92
37 81 125
37 97 101
37 100 112
37 101 127
37 109 42
37 114 127
37 118 81
37 120 65
37 124 43
37 129 72
37 131 1
37 135 109
37 159 40
37 161 126
37 168 18
37 193 149
37 194 152
37 203 193
37 207 28
37 212 184
37 214 104
37 216 134
37 224 185
37 235 195
38 4 31
38 11 143
38 13 44
38 27 171
38 35 22
38 40 154
38 52 14
38 60 146
38 83 54
38 88 77
38 89 24
38 92 95
38 94 3
38 98 105
38 101 111
38 104 46
38 122 128
38 124 112
38 129 106
38 136 167
38 137 37
38 139 123
38 146 67
38 147 140
38 153 67
38 154 46
38 156 75
38 173 170
38 182 179
38 193 59
38 201 165
38 204 9
38 207 1
38 213 160
38 233 132
39 5 174
39 24 65
39 33 145
39 39 72
39 45 118
39 64 22
39 102 95
39 103 164
39 104 176
39 108 151
39 124 27
39 127 173
39 128 30
39 131 90
39 132 78
39 133 196
39 135 126
39 137 153
39 141 14
39 144 17
39 148 19
39 155 60
39 157 91
39 159 189
39 178 190
39 181 149
39 201 105
39 204 151
39 216 102
39 218 16
39 220 82
39 223 75
40 2 80
40 8 178
40 12 146
40 46 149
40 51 151
40 55 193
40 57 112
40 59 127
40 72 95
40 74 90
40 75 51
40 76 125
40 77 179
40 80 129
40 90 72
40 92 56
40 96 81
40 99 86
40 129 72
40 131 51
40 132 97
40 144 162
40 145 39
40 154 86
40 155 63
40 161 95
40 170 188
40 180 164
40 181 110
40 185 69
40 187 38
40 203 141
40 206 47
40 212 184
40 213 89
40 214 197
40 217 128
40 230 153
41 13 75
41 17 22
41 24 42
41 25 126
41 28 98
41 39 173
41 40 6
41 43 170
41 70 28
41 75 38
41 79 7
41 88 52
41 91 88
41 96 103
41 100 13
41 109 79
41 110 140
41 112 75
41 117 125
41 122 128
41 133 190
41 139 35
41 142 148
41 155 28
41 162 127
41 163 194
41 169 163
41 171 168
41 176 143
41 183 90
41 197 120
41 203 169
41 206 63
41 230 113
42 1 94
42 12 161
42 16 37
42 19 51
42 20 82
42 21 65
42 31 88
42 32 88
42 34 116
42 38 128
42 53 190
42 62 80
42 63 6
42 67 81
42 73 107
42 96 130
42 107 160
42 113 96
42 129 116
42 160 108
42 184 75
42 203 195
42 205 53
42 206 37
42 208 162
42 214 195
42 219 78
42 222 81
42 231 116
42 232 93
43 17 145
43 32 9
43 34 53
43 38 182
43 45 12
43 54 134
43 60 198
43 65 99
43 74 21
43 78 113
43 79 178
43 80 162
43 90 144
43 99 183
43 108 194
43 122 50
43 126 65
43 128 154
43 144 98
43 147 132
43 148 61
43 153 172
43 154 126
43 161 113
43 173 161
43 188 87
43 193 60
43 198 38
43 199 119
43 207 127
43 208 130
43 223 64
43 235 87
44 4 134
44 12 197
44 16 98
44 43 19
44 47 194
44 54 149
44 63 191
44 76 58
44 82 126
44 83 104
44 84 153
44 90 61
44 93 98
44 100 3
44 101 125
44 102 3
44 108 52
44 109 8
44 116 63
44 134 23
44 136 134
44 139 127
44 143 183
44 146 20
44 153 138
44 160 173
44 163 139
44 164 64
44 167 54
44 171 154
44 172 151
44 180 140
44 199 102
44 203 200
44 209 158
44 216 95
44 228 148
44 230 149
45 5 104
45 12 74
45 14 4
45 22 56
45 23 86
45 39 101
45 41 10
45 42 10
45 53 103
45 54 61
45 70 17
45 75 117
45 102 36
45 109 102
45 117 196
45 120 170
45 129 74
45 132 133
45 135 94
45 143 164
45 145 149
45 148 148
45 157 117
45 163 51
45 177 87
45 184 170
45 185 50
45 194 44
45 200 16
45 204 150
45 207 144
45 208 119
45 219 23
45 221 100
45 227 126
45 230 108
46 1 200
46 3 136
46 9 69
46 10 55
46 13 148
46 19 37
46 24 123
46 33 135
46 35 91
46 40 118
46 49 57
46 61 164
46 65 3
46 66 150
46 67 127
46 68 103
46 75 97
46 81 43
46 84 153
46 85 183
46 90 164
46 126 154
46 129 179
46 135 179
46 139 103
46 142 74
46 149 97
46 151 77
46 154 125
46 157 174
46 159 136
46 161 77
46 163 109
46 166 156
46 169 131
46 172 9
46 174 193
46 176 5
46 177 95
46 182 35
46 186 123
46 194 151
46 204 198
46 219 77
46 223 101
46 224 124
46 235 179
47 3 197
47 10 118
47 22 83
47 24 132
47 31 81
47 38 188
47 39 62
47 51 59
47 58 91
47 67 87
47 71 107
47 74 119
47 78 12
47 84 80
47 86 55
47 87 88
47 89 141
47 91 10
47 102 170
47 103 149
47 106 154
47 120 174
47 134 195
47 137 188
47 141 48
47 146 146
47 147 185
47 149 124
47 170 46
47 171 60
47 186 54
47 187 194
47 191 177
47 210 136
47 216 77
47 222 9
47 227 124
48 7 138
48 11 67
48 27 166
48 35 177
48 39 173
48 44 84
48 69 140
48 74 5
48 75 90
48 76 179
48 96 145
48 98 100
48 99 100
48 100 45
48 106 5
48 128 73
48 136 39
48 137 193
48 142 73
48 150 184
48 152 129
48 155 148
48 156 181
48 161 141
48 162 2
48 167 175
48 174 117
48 182 89
48 192 51
48 197 126
48 199 164
48 228 141
48 231 144
49 5 81
49 8 69
49 9 69
49 10 165
49 22 8
49 24 73
49 49 6
49 51 138
49 53 169
49 63 105
49 69 37
49 72 13
49 76 62
49 83 61
49 91 3
49 97 6
49 102 133
49 104 187
49 114 86
49 121 33
49 134 119
49 140 26
49 147 34
49 150 45
49 154 143
49 157 74
49 160 48
49 162 20
49 163 190
49 164 188
49 165 115
49 166 70
49 168 8
49 181 183
49 187 186
49 193 167
49 194 7
49 198 192
49 200 104
49 207 175
49 208 48
49 219 140
49 220 187
49 225 109
49 232 152
50 6 142
50 17 66
50 24 85
50 30 80
50 38 152
50 65 117
50 67 198
50 77 177
50 106 102
50 117 43
50 126 71
50 129 127
50 133 90
50 137 90
50 145 68
50 146 29
50 149 5
50 159 138
50 162 36
50 166 187
50 167 75
50 168 154
50 169 146
50 176 18
50 186 57
50 202 120
50 208 66
50 213 148
50 216 59
50 234 126
51 9 51
51 13 200
51 16 144
51 23 135
51 26 79
51 28 95
51 40 3
51 60 28
51 64 71
51 67 56
51 81 70
51 90 142
51 93 135
51 95 111
51 99 31
51 120 2
51 127 139
51 141 187
51 143 91
51 147 126
51 154 126
51 159 166
51 160 31
51 166 71
51 167 135
51 176 39
51 181 142
51 183 152
51 188 138
51 194 200
51 196 30
51 209 189
51 213 151
51 217 173
51 219 75
51 222 29
52 4 67
52 9 78
52 12 9
52 14 137
52 16 85
52 17 78
52 22 78
52 33 171
52 38 141
52 40 61
52 65 173
52 97 31
52 113 199
52 125 15
52 127 109
52 135 124
52 147 132
52 148 139
52 153 146
52 154 67
52 172 178
52 193 88
52 195 18
52 196 115
52 219 39
52 221 47
52 226 103
52 227 190
52 229 19
52 233 178
53 1 170
53 4 37
53 5 7
53 9 178
53 12 174
53 17 43
53 18 8
53 20 3
53 24 14
53 36 148
53 39 15
53 43 138
53 45 178
53 54 166
53 71 104
53 73 38
53 74 41
53 79 36
53 80 177
53 90 187
53 100 54
53 105 106
53 115 26
53 124 71
53 126 172
53 132 64
53 137 70
53 163 75
53 164 53
53 174 40
53 176 4
53 191 23
53 196 77
53 198 162
53 205 152
53 213 2
54 5 4
54 6 159
54 7 156
54 9 169
54 11 106
54 19 171
54 27 58
54 32 36
54 45 88
54 47 162
54 50 73
54 52 128
54 63 149
54 68 1
54 72 114
54 73 2
54 77 106
54 86 139
54 103 24
54 104 78
54 109 155
54 115 93
54 123 104
54 124 7
54 132 85
54 133 59
54 136 181
54 142 113
54 146 20
54 170 85
54 176 114
54 188 175
54 208 43
54 216 69
54 231 96
54 232 101
55 8 191
55 13 105
55 16 88
55 21 78
55 22 18
55 24 112
55 27 6
55 28 166
55 35 113
55 39 71
55 44 167
55 47 170
55 62 162
55 64 143
55 67 199
55 80 116
55 84 187
55 90 54
55 97 74
55 102 71
55 110 112
55 119 7
55 129 183
55 131 83
55 141 91
55 146 48
55 154 10
55 165 133
55 166 69
55 167 105
55 173 185
55 174 11
55 181 9
55 186 72
55 193 41
55 198 27
55 210 184
55 213 198
55 216 144
55 217 48
55 223 68
55 235 63
56 14 169
56 20 29
56 31 5
56 44 168
56 51 96
56 54 191
56 59 173
56 70 170
56 80 14
56 83 85
56 104 176
56 113 196
56 117 119
56 128 18
56 140 196
56 145 128
56 150 102
56 160 16
56 163 184
56 165 87
56 181 26
56 190 145
56 196 110
56 197 66
56 202 123
56 229 45
56 233 63
57 3 66
57 6 92
57 12 83
57 14 128
57 34 61
57 35 111
57 44 84
57 45 180
57 48 159
57 51 75
57 52 104
57 54 128
57 59 40
57 60 140
57 66 55
57 87 35
57 97 59
57 102 24
57 112 182
57 113 138
57 120 125
57 122 197
57 125 122
57 134 11
57 138 23
57 141 18
57 142 121
57 152 40
57 153 140
57 160 165
57 166 103
57 167 157
57 170 9
57 176 137
57 177 37
57 178 21
57 179 199
57 183 120
57 193 152
57 212 157
57 216 146
57 218 55
57 227 36
57 230 185
57 231 195
58 3 90
58 14 172
58 19 53
58 25 113
58 26 153
58 51 142
58 53 190
58 55 102
58 58 15
58 63 200
58 73 76
58 89 32
58 94 72
58 100 115
58 104 171
58 107 189
58 117 169
58 118 80
58 133 149
58 138 105
58 140 116
58 142 169
58 143 104
58 149 35
58 152 72
58 155 60
58 158 133
58 172 126
58 174 48
58 175 117
58 176 72
58 178 89
58 184 88
58 195 124
58 199 154
58 211 193
58 213 18
58 214 143
58 224 46
58 226 32
59 2 94
59 11 121
59 29 64
59 43 166
59 45 187
59 48 186
59 57 106
59 64 156
59 77 65
59 90 54
59 92 12
59 111 180
59 117 174
59 124 67
59 126 167
59 127 197
59 128 79
59 129 99
59 134 122
59 136 126
59 144 167
59 148 194
59 155 14
59 161 7
59 170 69
59 173 167
59 175 151
59 179 86
59 185 109
59 193 196
59 194 118
59 206 3
59 213 116
59 222 133
59 223 120
59 225 102
59 231 118
60 3 25
60 9 9
60 13 135
60 14 30
60 23 21
60 25 114
60 26 155
60 33 39
60 36 32
60 65 151
60 70 117
60 71 82
60 81 24
60 84 42
60 86 49
60 87 169
60 90 56
60 106 55
60 112 38
60 115 22
60 136 5
60 145 75
60 151 83
60 155 152
60 163 144
60 165 85
60 169 19
60 186 28
60 187 4
60 195 120
60 215 146
60 220 180
60 227 81
60 228 80
60 234 161
61 11 53
61 20 145
61 25 67
61 40 91
61 41 177
61 63 17
61 64 8
61 65 58
61 83 192
61 89 49
61 90 58
61 97 161
61 98 56
61 101 64
61 106 150
61 111 30
61 114 20
61 117 176
61 134 112
61 135 171
61 145 120
61 147 196
61 152 189
61 155 147
61 156 151
61 169 61
61 182 44
61 183 82
61 199 93
61 207 75
61 216 194
61 224 145
61 227 20
62 13 60
62 26 35
62 28 148
62 32 76
62 48 194
62 49 157
62 63 19
62 79 195
62 81 15
62 100 179
62 101 50
62 109 78
62 113 128
62 117 31
62 127 98
62 131 104
62 133 142
62 138 20
62 139 175
62 146 89
62 152 9
62 157 73
62 160 191
62 192 21
62 197 117
62 203 72
62 204 113
62 213 143
62 221 17
62 234 9
63 17 162
63 19 76
63 24 195
63 37 61
63 45 103
63 49 189
63 50 18
63 53 122
63 63 183
63 66 32
63 72 100
63 75 184
63 79 61
63 80 180
63 81 15
63 91 110
63 94 35
63 95 108
63 97 130
63 101 161
63 106 197
63 110 90
63 112 33
63 147 187
63 165 62
63 170 101
63 171 11
63 172 174
63 174 44
63 178 27
63 189 182
63 190 157
63 205 103
63 206 176
63 215 18
64 28 157
64 31 116
64 32 35
64 33 78
64 35 50
64 36 18
64 46 130
64 54 34
64 60 30
64 64 61
64 73 200
64 76 140
64 81 95
64 83 107
64 91 21
64 102 7
64 124 55
64 127 62
64 140 191
64 150 194
64 154 123
64 159 44
64 162 4
64 169 96
64 173 87
64 177 182
64 186 29
64 188 195
64 203 36
64 207 4
64 210 164
64 217 193
64 218 120
64 227 150
64 231 70
65 3 121
65 4 119
65 16 199
65 24 154
65 43 149
65 46 59
65 49 105
65 63 40
65 68 105
65 72 164
65 74 60
65 80 111
65 87 18
65 90 73
65 93 54
65 94 11
65 105 195
65 114 97
65 126 166
65 129 90
65 140 135
65 143 148
65 149 70
65 153 129
65 160 135
65 170 73
65 180 93
65 185 127
65 213 144
65 215 194
65 219 197
65 223 65
65 228 113
66 5 147
66 11 170
66 19 13
66 21 158
66 23 27
66 36 52
66 39 14
66 51 190
66 71 63
66 89 125
66 98 159
66 99 135
66 101 178
66 103 122
66 105 129
66 106 26
66 110 87
66 122 170
66 127 160
66 129 186
66 146 39
66 147 88
66 148 121
66 158 63
66 168 132
66 169 199
66 181 159
66 184 78
66 185 147
66 203 175
66 207 190
66 211 94
66 212 96
66 214 2
66 235 3
67 3 122
67 8 5
67 30 16
67 38 63
67 39 67
67 47 92
67 80 174
67 82 1
67 85 21
67 86 95
67 88 81
67 91 46
67 101 133
67 103 2
67 118 5
67 121 71
67 131 40
67 133 45
67 135 143
67 141 54
67 161 128
67 173 141
67 190 12
67 191 5
67 211 88
67 220 138
67 221 194
67 223 133
68 9 34
68 14 147
68 18 135
68 19 107
68 31 151
68 37 102
68 52 122
68 67 17
68 74 194
68 77 95
68 79 169
68 81 166
68 83 141
68 89 1
68 111 12
68 115 25
68 121 2
68 122 168
68 132 47
68 134 193
68 135 12
68 136 189
68 141 47
68 151 92
68 157 82
68 160 10
68 175 96
68 194 169
68 197 148
68 198 42
68 205 53
68 206 133
68 210 188
68 214 139
68 217 191
68 223 139
68 226 40
69 5 64
69 10 107
69 11 185
69 14 110
69 19 28
69 21 151
69 23 50
69 31 28
69 34 114
69 38 27
69 39 182
69 52 33
69 64 73
69 67 174
69 71 197
69 75 62
69 77 172
69 79 88
69 93 143
69 133 182
69 142 183
69 146 63
69 151 81
69 155 24
69 158 115
69 171 165
69 180 12
69 188 5
69 193 107
69 199 102
69 204 44
69 212 171
69 213 160
69 220 181
69 230 80
69 234 187
70 4 83
70 5 82
70 10 167
70 15 196
70 23 108
70 29 148
70 33 180
70 34 180
70 35 73
70 40 176
70 41 193
70 65 45
70 71 63
70 72 87
70 78 178
70 89 46
70 94 101
70 97 10
70 101 69
70 107 167
70 117 174
70 119 32
70 121 171
70 124 32
70 130 133
70 152 167
70 159 2
70 160 93
70 176 147
70 177 82
70 179 31
70 183 29
70 190 163
70 192 197
70 199 176
70 203 22
70 205 144
70 222 155
70 223 153
70 225 169
70 226 131
70 230 146
71 2 13
71 6 193
71 8 184
71 17 190
71 19 190
71 23 85
71 25 199
71 53 11
71 55 51
71 63 124
71 67 42
71 70 22
71 90 155
71 93 127
71 106 188
71 107 109
71 108 19
71 111 86
71 118 190
71 123 49
71 125 114
71 126 104
71 133 198
71 139 41
71 141 125
71 146 93
71 147 147
71 156 29
71 165 61
71 171 29
71 177 126
71 181 73
71 185 174
71 188 110
71 202 14
71 206 163
71 210 194
71 214 164
71 230 173
71 234 196
72 24 87
72 26 15
72 30 17
72 63 194
72 81 141
72 94 156
72 97 102
72 115 111
72 128 41
72 130 43
72 131 111
72 140 106
72 148 146
72 155 108
72 172 98
72 188 22
72 195 1
72 201 45
72 222 50
72 227 61
72 232 73
73 11 176
73 16 86
73 17 46
73 19 37
73 24 99
73 30 9
73 41 182
73 50 15
73 51 133
73 53 177
73 58 53
73 63 99
73 71 146
73 80 46
73 84 39
73 86 101
73 103 99
73 107 101
73 109 94
73 121 141
73 124 164
73 125 151
73 127 38
73 140 71
73 156 49
73 161 11
73 162 23
73 189 93
73 192 13
73 210 36
73 214 165
73 222 140
73 231 121
74 3 163
74 7 176
74 8 171
74 9 171
74 15 157
74 22 185
74 25 103
74 29 133
74 30 38
74 41 2
74 72 30
74 73 35
74 79 192
74 84 83
74 89 86
74 92 45
74 96 176
74 106 26
74 111 8
74 124 78
74 131 16
74 133 30
74 135 126
74 140 26
74 150 53
74 152 170
74 162 190
74 174 40
74 177 87
74 192 129
74 203 112
74 208 49
74 209 104
74 212 82
74 221 19
74 222 12
75 5 19
75 9 73
75 33 97
75 35 8
75 45 26
75 46 126
75 53 194
75 56 170
75 62 8
75 63 79
75 74 14
75 77 135
75 82 57
75 91 173
75 103 165
75 114 72
75 122 2
75 127 90
75 128 49
75 133 6
75 134 60
75 145 39
75 149 45
75 150 146
75 151 119
75 161 156
75 165 146
75 167 175
75 169 190
75 172 164
75 179 186
75 185 160
75 190 188
75 201 82
75 215 119
75 216 166
75 219 160
75 226 112
75 230 135
76 10 119
76 13 143
76 20 100
76 34 6
76 40 199
76 44 72
76 45 170
76 46 22
76 67 25
76 70 59
76 86 22
76 92 31
76 112 70
76 118 60
76 133 75
76 137 167
76 144 131
76 165 183
76 166 112
76 179 105
76 180 172
76 198 27
76 208 42
76 223 83
76 227 167
77 15 124
77 17 1
77 40 132
77 42 35
77 44 112
77 58 18
77 73 153
77 93 6
77 97 69
77 98 158
77 109 4
77 123 140
77 128 127
77 134 25
77 143 164
77 153 138
77 160 47
77 177 146
77 200 159
77 212 58
77 213 21
77 218 126
77 220 140
77 227 155
77 230 189
78 23 44
78 28 78
78 36 168
78 42 86
78 50 160
78 61 134
78 63 161
78 69 160
78 81 17
78 87 195
78 93 23
78 113 186
78 119 99
78 131 29
78 144 54
78 162 9
78 164 184
78 165 193
78 167 135
78 180 161
78 186 108
78 193 24
78 196 7
78 202 54
78 208 183
78 224 16
78 232 26
78 234 60
79 5 156
79 7 132
79 9 48
79 12 151
79 13 9
79 19 167
79 34 36
79 45 120
79 69 100
79 77 148
79 79 31
79 115 68
79 138 94
79 140 5
79 141 53
79 157 193
79 171 185
79 173 106
79 180 1
79 203 169
79 221 50
79 229 87
79 233 129
80 6 110
80 7 63
80 10 87
80 17 115
80 30 45
80 32 54
80 33 92
80 36 104
80 40 161
80 53 175
80 63 103
80 70 112
80 71 183
80 77 70
80 82 99
80 89 102
80 103 121
80 106 47
80 108 84
80 115 189
80 119 140
80 120 88
80 121 193
80 126 84
80 127 73
80 131 51
80 136 36
80 151 41
80 156 52
80 161 123
80 169 121
80 185 113
80 193 185
80 197 159
80 203 27
80 207 181
80 212 12
80 229 70
80 231 84
80 233 173
81 9 44
81 21 138
81 23 36
81 26 178
81 44 7
81 47 134
81 54 31
81 60 128
81 63 180
81 64 114
81 65 68
81 75 72
81 76 2
81 78 60
81 84 155
81 85 74
81 91 62
81 96 191
81 100 66
81 103 114
81 104 65
81 112 186
81 117 26
81 118 1
81 120 144
81 122 5
81 125 181
81 126 107
81 144 26
81 146 16
81 149 31
81 154 70
81 186 153
81 196 66
81 204 47
81 205 160
81 207 200
81 212 30
81 213 39
81 214 131
81 218 143
81 219 106
81 220 154
81 222 144
81 224 117
81 225 61
81 226 169
81 228 131
81 233 51
81 234 34
82 6 44
82 15 67
82 24 171
82 33 21
82 43 67
82 51 66
82 52 177
82 61 199
82 67 125
82 79 3
82 94 14
82 95 155
82 98 72
82 100 118
82 106 21
82 108 70
82 111 29
82 118 172
82 125 99
82 150 67
82 153 54
82 156 194
82 160 124
82 169 8
82 171 137
82 175 193
82 181 68
82 187 58
82 209 123
82 215 70
82 217 43
82 224 118
82 233 136
83 4 166
83 18 138
83 25 154
83 52 31
83 61 115
83 75 104
83 78 107
83 85 117
83 88 69
83 90 62
83 94 140
83 100 186
83 115 34
83 119 161
83 124 167
83 146 5
83 159 12
83 167 33
83 169 10
83 172 5
83 173 109
83 178 17
83 179 93
83 186 53
83 191 36
83 193 150
83 204 175
83 209 105
83 219 193
83 225 92
83 226 192
83 227 158
83 229 181
83 230 97
83 233 140
84 5 95
84 6 200
84 9 47
84 29 163
84 30 20
84 44 60
84 58 54
84 63 6
84 65 93
84 66 167
84 67 172
84 68 49
84 89 178
84 94 156
84 97 58
84 98 182
84 105 16
84 109 27
84 116 26
84 118 68
84 121 62
84 131 176
84 145 42
84 147 167
84 150 120
84 172 85
84 178 110
84 182 77
84 206 66
84 213 7
84 229 168
84 230 112
84 233 158
85 5 166
85 14 27
85 15 178
85 18 25
85 33 32
85 46 135
85 53 69
85 59 198
85 76 58
85 100 69
85 104 175
85 121 13
85 124 79
85 132 108
85 136 181
85 137 105
85 146 134
85 155 48
85 157 166
85 170 61
85 172 42
85 175 84
85 184 180
85 185 126
85 192 146
85 196 8
85 209 143
85 212 152
85 217 175
85 223 7
85 227 61
86 18 93
86 32 33
86 37 38
86 52 117
86 57 64
86 60 172
86 66 138
86 68 14
86 70 29
86 74 6
86 80 188
86 90 194
86 113 84
86 117 48
86 119 174
86 121 140
86 122 133
86 133 173
86 138 58
86 147 193
86 157 14
86 166 141
86 167 172
86 169 92
86 183 38
86 195 179
86 202 186
86 204 189
86 209 105
86 211 192
86 213 50
86 218 197
86 223 176
86 226 39
86 231 66
86 233 40
87 23 11
87 25 155
87 28 53
87 29 191
87 37 160
87 47 192
87 48 136
87 51 196
87 70 191
87 80 109
87 93 135
87 94 123
87 101 82
87 102 144
87 112 67
87 114 47
87 129 37
87 133 38
87 135 90
87 136 74
87 138 168
87 143 76
87 146 63
87 150 25
87 151 67
87 153 64
87 166 173
87 167 43
87 171 102
87 173 38
87 177 34
87 183 64
87 184 192
87 185 38
87 189 7
87 192 104
87 199 181
87 213 142
87 219 51
87 220 172
87 221 3
87 222 137
87 233 46
87 234 36
88 5 81
88 13 113
88 20 34
88 30 117
88 39 102
88 43 124
88 44 190
88 64 22
88 79 199
88 85 4
88 89 46
88 102 17
88 108 67
88 112 18
88 113 11
88 115 121
88 120 8
88 134 44
88 136 136
88 137 199
88 138 33
88 149 94
88 154 54
88 155 166
88 163 36
88 164 104
88 166 89
88 169 190
88 171 41
88 177 134
88 178 25
88 198 121
88 206 198
88 213 58
88 217 37
88 225 100
88 230 181
89 4 26
89 14 121
89 19 131
89 28 182
89 34 118
89 35 148
89 41 48
89 49 135
89 54 158
89 58 120
89 59 142
89 65 154
89 68 8
89 88 93
89 100 138
89 139 101
89 152 146
89 153 103
89 162 136
89 171 50
89 181 191
89 185 77
89 189 42
89 192 77
89 193 101
89 206 162
89 208 26
89 209 111
89 218 150
89 227 125
90 1 43
90 2 127
90 4 197
90 6 174
90 16 108
90 26 114
90 31 73
90 36 108
90 37 1
90 52 30
90 77 179
90 80 94
90 111 135
90 122 186
90 123 186
90 127 25
90 128 87
90 130 84
90 133 127
90 136 174
90 141 85
90 142 70
90 159 51
90 184 126
90 185 98
90 191 103
90 198 39
90 212 123
90 214 13
90 223 140
90 226 200
90 227 56
90 235 18
91 3 196
91 11 29
91 19 126
91 21 62
91 23 101
91 31 185
91 32 14
91 33 82
91 41 163
91 54 107
91 83 169
91 84 149
91 90 45
91 103 193
91 116 187
91 124 128
91 127 71
91 130 160
91 134 12
91 139 92
91 141 162
91 146 89
91 150 189
91 161 65
91 162 127
91 168 112
91 177 77
91 189 18
91 191 111
91 193 84
91 207 35
91 216 58
91 219 64
92 5 112
92 17 71
92 38 116
92 53 96
92 55 84
92 69 198
92 86 59
92 90 143
92 92 118
92 96 159
92 97 187
92 99 62
92 109 97
92 114 114
92 120 132
92 124 56
92 139 77
92 140 176
92 143 170
92 149 165
92 167 164
92 168 34
92 173 43
92 190 27
92 202 62
92 204 60
92 209 89
92 222 98
92 223 94
92 229 147
93 1 161
93 2 6
93 3 17
93 13 77
93 15 53
93 17 53
93 24 26
93 30 63
93 33 195
93 38 143
93 46 21
93 48 181
93 51 156
93 56 117
93 59 46
93 61 87
93 66 125
93 70 122
93 78 62
93 82 46
93 85 86
93 91 178
93 99 31
93 103 128
93 112 4
93 114 44
93 130 139
93 141 93
93 151 141
93 162 32
93 165 191
93 166 102
93 168 189
93 176 159
93 181 130
93 186 42
93 187 11
93 194 155
93 196 104
93 202 157
93 205 49
93 207 77
93 211 89
93 227 156
93 230 145
94 4 134
94 9 42
94 10 21
94 13 55
94 28 56
94 31 66
94 34 92
94 35 185
94 39 48
94 51 171
94 52 188
94 66 92
94 73 109
94 75 32
94 79 32
94 94 93
94 106 22
94 121 85
94 139 33
94 148 133
94 154 166
94 156 26
94 159 95
94 160 72
94 167 130
94 173 52
94 183 72
94 188 158
94 191 140
94 199 27
94 203 102
94 205 26
94 206 21
94 208 75
94 209 32
94 213 76
94 223 92
94 235 124
95 6 12
95 11 140
95 30 46
95 36 151
95 38 31
95 62 107
95 66 183
95 69 14
95 81 151
95 88 156
95 90 99
95 104 183
95 114 40
95 117 16
95 127 9
95 128 135
95 139 88
95 145 90
95 156 186
95 164 159
95 166 199
95 174 77
95 175 186
95 187 52
95 191 102
95 200 6
95 213 126
95 217 134
95 220 33
95 221 18
95 224 9
96 19 44
96 21 109
96 24 54
96 25 194
96 29 139
96 31 112
96 44 128
96 48 152
96 51 62
96 59 36
96 62 2
96 67 197
96 69 75
96 71 18
96 72 157
96 80 9
96 97 105
96 101 198
96 113 194
96 118 15
96 124 196
96 126 23
96 135 200
96 139 47
96 144 124
96 146 157
96 157 173
96 194 9
96 195 189
96 197 142
96 201 17
96 214 32
97 2 50
97 8 23
97 9 178
97 13 140
97 15 134
97 26 57
97 50 43
97 52 148
97 57 92
97 69 197
97 84 96
97 88 167
97 90 14
97 94 52
97 95 127
97 104 70
97 110 49
97 111 73
97 115 36
97 130 44
97 131 95
97 132 36
97 142 42
97 158 170
97 167 192
97 174 166
97 176 179
97 178 133
97 182 59
97 183 147
97 187 164
97 191 108
97 193 169
97 194 93
97 204 199
97 207 55
97 218 150
97 220 42
97 221 154
97 223 193
97 231 38
98 4 49
98 15 159
98 21 3
98 28 100
98 31 38
98 41 24
98 46 100
98 47 110
98 49 59
98 54 95
98 65 4
98 72 46
98 73 136
98 79 173
98 81 190
98 82 102
98 85 103
98 95 122
98 99 160
98 101 50
98 103 37
98 107 20
98 117 170
98 145 130
98 168 170
98 169 24
98 170 31
98 182 11
98 190 177
98 197 23
98 202 200
98 204 177
98 209 134
98 213 154
98 216 76
98 221 171
98 231 177
99 4 127
99 7 80
99 9 188
99 15 21
99 32 35
99 41 33
99 47 157
99 51 159
99 53 22
99 63 10
99 64 62
99 66 143
99 74 121
99 89 111
99 97 180
99 103 140
99 107 80
99 117 61
99 121 110
99 123 56
99 160 91
99 163 72
99 170 184
99 172 113
99 183 24
99 184 161
99 185 198
99 192 177
99 194 188
99 200 168
99 208 106
99 209 115
100 18 199
100 22 93
100 25 135
100 34 33
100 39 77
100 45 43
100 48 192
100 52 99
100 55 52
100 57 53
100 61 193
100 67 125
100 68 115
100 70 124
100 82 64
100 94 146
100 96 184
100 111 125
100 120 1
100 126 26
100 133 149
100 135 185
100 141 91
100 145 172
100 147 97
100 167 88
100 175 100
100 190 36
100 193 8
100 196 5
100 199 150
100 207 6
100 209 49
100 210 37
100 214 39
100 217 126
100 222 31
100 226 30
100 231 176
100 233 35
101 15 34
101 26 120
101 36 159
101 51 100
101 58 44
101 59 174
101 65 45
101 67 179
101 77 99
101 79 46
101 89 157
101 95 199
101 96 182
101 100 47
101 110 122
101 115 30
101 135 86
101 146 21
101 148 65
101 162 93
101 165 178
101 170 167
101 173 99
101 176 26
101 178 3
101 179 137
101 192 103
101 196 185
101 219 118
101 221 78
101 224 19
101 229 103
101 234 198
102 8 177
102 25 2
102 28 193
102 30 103
102 32 198
102 36 123
102 38 1
102 39 195
102 42 79
102 51 151
102 59 128
102 64 125
102 69 72
102 73 157
102 74 11
102 88 44
102 89 22
102 91 55
102 94 21
102 117 188
102 126 153
102 145 199
102 160 142
102 182 41
102 194 101
102 197 126
102 203 110
102 205 179
102 213 97
102 214 12
102 218 128
102 230 25
103 27 165
103 29 120
103 31 127
103 52 163
103 53 42
103 59 127
103 65 109
103 68 73
103 70 29
103 73 37
103 74 197
103 79 52
103 82 193
103 98 159
103 111 96
103 122 14
103 123 14
103 124 116
103 127 153
103 128 118
103 137 114
103 139 94
103 144 159
103 146 167
103 147 172
103 149 68
103 150 145
103 155 68
103 176 32
103 192 24
103 196 92
103 202 196
103 205 95
103 207 19
103 209 110
103 213 88
103 226 97
103 229 171
103 231 160
103 233 126
104 1 7
104 4 109
104 13 177
104 15 199
104 23 67
104 24 24
104 28 165
104 32 32
104 38 140
104 41 69
104 44 102
104 46 5
104 52 163
104 53 12
104 54 123
104 55 86
104 58 79
104 60 67
104 61 153
104 78 62
104 79 42
104 84 196
104 89 10
104 92 136
104 102 14
104 105 71
104 110 24
104 116 63
104 117 41
104 123 135
104 131 188
104 133 47
104 136 43
104 137 116
104 152 198
104 154 62
104 165 92
104 179 114
104 189 45
104 193 183
104 195 182
104 198 146
104 204 187
104 217 96
104 227 157
104 235 62
105 6 181
105 11 188
105 13 128
105 22 85
105 39 49
105 66 122
105 67 81
105 69 10
105 78 57
105 79 46
105 85 81
105 87 32
105 106 108
105 118 121
105 123 167
105 124 47
105 127 120
105 134 161
105 154 115
105 163 69
105 186 22
105 190 6
105 191 182
105 196 19
105 205 188
105 210 115
105 222 164
105 225 126
105 226 11
105 234 73
106 15 187
106 30 143
106 48 12
106 50 67
106 53 28
106 56 12
106 62 188
106 64 60
106 72 22
106 92 196
106 94 105
106 95 102
106 96 180
106 98 13
106 99 174
106 105 98
106 106 59
106 116 93
106 125 58
106 127 173
106 128 161
106 129 32
106 132 178
106 145 94
106 149 50
106 151 117
106 153 9
106 181 165
106 184 43
106 185 171
106 192 37
106 201 29
106 202 113
106 207 48
106 222 95
106 235 140
107 8 60
107 11 34
107 14 199
107 27 81
107 30 30
107 32 104
107 40 134
107 50 9
107 55 68
107 65 107
107 68 106
107 73 126
107 91 152
107 100 115
107 101 51
107 122 64
107 123 146
107 126 180
107 127 158
107 131 195
107 132 97
107 134 118
107 139 160
107 140 139
107 158 88
107 160 148
107 161 167
107 162 200
107 163 196
107 165 14
107 182 92
107 185 7
107 189 47
107 195 42
107 204 39
107 208 28
107 216 145
107 226 124
107 228 36
108 4 164
108 9 30
108 22 93
108 26 42
108 34 133
108 40 8
108 60 92
108 66 197
108 81 153
108 83 71
108 89 106
108 95 100
108 106 119
108 123 23
108 130 59
108 137 57
108 141 110
108 142 158
108 153 176
108 154 109
108 168 105
108 176 141
108 186 152
108 195 111
108 198 187
108 201 194
108 208 101
108 212 15
108 219 90
108 232 24
109 11 2
109 12 54
109 24 6
109 29 95
109 36 95
109 45 90
109 54 54
109 56 138
109 58 86
109 63 158
109 69 8
109 75 143
109 85 57
109 86 79
109 89 165
109 103 67
109 106 87
109 110 26
109 116 25
109 117 62
109 151 87
109 153 129
109 162 154
109 167 38
109 174 192
109 179 141
109 180 31
109 181 92
109 183 107
109 186 121
109 187 68
109 196 60
109 198 174
109 201 25
109 205 106
109 217 20
109 228 114
110 2 159
110 9 157
110 20 152
110 21 117
110 22 116
110 40 94
110 65 125
110 66 194
110 67 11
110 81 192
110 85 81
110 88 36
110 90 168
110 94 94
110 111 122
110 127 48
110 138 48
110 145 160
110 166 39
110 172 140
110 182 142
110 193 83
110 205 198
110 210 62
110 213 102
110 215 57
110 218 187
110 223 126
110 229 163
110 230 6
111 10 191
111 13 121
111 14 114
111 15 142
111 18 189
111 24 30
111 28 36
111 37 114
111 44 175
111 59 46
111 70 57
111 76 55
111 78 33
111 80 176
111 87 101
111 93 155
111 94 23
111 101 148
111 115 114
111 125 14
111 127 39
111 136 55
111 138 48
111 158 36
111 171 69
111 186 149
111 192 92
111 195 7
111 218 74
111 219 54
111 226 165
111 234 64
111 235 127
112 12 78
112 19 158
112 22 67
112 24 107
112 28 145
112 31 180
112 43 34
112 54 142
112 61 188
112 68 88
112 80 174
112 85 115
112 88 140
112 90 128
112 96 138
112 99 39
112 103 193
112 105 103
112 115 77
112 117 200
112 125 150
112 130 112
112 136 20
112 138 98
112 147 156
112 153 26
112 161 123
112 170 161
112 173 190
112 180 138
112 186 87
112 195 68
112 217 95
112 218 154
112 219 126
112 221 191
112 222 85
112 230 159
112 231 132
112 234 25
113 12 199
113 17 106
113 24 139
113 25 138
113 28 185
113 34 28
113 37 177
113 55 178
113 71 130
113 81 5
113 89 129
113 92 79
113 94 69
113 103 148
113 104 128
113 118 24
113 128 173
113 132 50
113 150 184
113 151 163
113 154 140
113 163 23
113 164 182
113 168 186
113 174 176
113 177 107
113 185 177
113 190 12
113 191 66
113 194 108
113 198 36
113 206 16
113 209 165
113 211 127
113 219 105
113 230 150
113 233 154
114 2 81
114 7 127
114 12 84
114 21 38
114 23 7
114 29 114
114 34 106
114 36 154
114 47 42
114 50 129
114 55 126
114 58 43
114 62 64
114 69 40
114 78 134
114 83 86
114 84 21
114 87 120
114 89 13
114 99 128
114 101 48
114 112 25
114 113 145
114 115 155
114 116 12
114 123 160
114 124 72
114 128 138
114 137 16
114 138 21
114 149 92
114 158 97
114 160 99
114 167 127
114 171 86
114 173 105
114 176 40
114 179 191
114 186 58
114 197 33
114 201 71
114 221 135
114 223 28
114 229 134
114 235 175
115 10 161
115 15 20
115 16 195
115 21 80
115 27 32
115 34 122
115 36 127
115 40 8
115 70 18
115 72 34
115 75 20
115 98 129
115 101 105
115 109 109
115 118 145
115 121 125
115 128 200
115 131 193
115 133 175
115 135 78
115 137 78
115 151 79
115 152 118
115 153 68
115 173 88
115 177 150
115 180 138
115 181 22
115 187 129
115 188 23
115 205 196
115 214 90
115 220 42
115 230 191
116 1 169
116 10 26
116 16 64
116 17 48
116 18 185
116 23 82
116 30 33
116 35 4
116 48 10
116 53 137
116 58 65
116 63 154
116 64 13
116 69 64
116 71 146
116 87 187
116 88 142
116 96 23
116 98 17
116 106 11
116 109 42
116 114 104
116 118 112
116 126 131
116 139 125
116 142 41
116 143 154
116 149 121
116 158 130
116 167 195
116 168 63
116 169 50
116 179 172
116 180 126
116 181 49
116 191 157
116 197 7
116 201 81
116 208 112
116 213 169
116 214 169
116 228 176
116 229 122
117 3 181
117 8 192
117 9 20
117 19 119
117 21 85
117 28 194
117 41 135
117 42 95
117 43 36
117 44 38
117 45 158
117 47 166
117 55 163
117 57 198
117 71 119
117 77 35
117 80 79
117 85 66
117 87 97
117 90 81
117 101 37
117 104 22
117 105 129
117 109 193
117 114 181
117 115 10
117 117 57
117 118 149
117 122 178
117 126 32
117 127 22
117 130 111
117 137 23
117 153 41
117 155 29
117 167 107
117 180 35
117 181 164
117 186 153
117 191 70
117 195 1
117 196 111
117 198 187
117 199 115
117 205 108
117 213 58
117 222 101
117 233 139
118 6 123
118 12 197
118 16 19
118 18 111
118 30 171
118 32 147
118 52 56
118 54 151
118 55 108
118 59 112
118 62 51
118 68 86
118 73 143
118 81 72
118 84 148
118 85 118
118 87 65
118 90 176
118 97 24
118 114 99
118 122 139
118 134 177
118 137 120
118 149 92
118 168 39
118 175 58
118 178 158
118 179 146
118 197 115
118 206 59
118 209 36
118 216 37
119 13 7
119 15 54
119 16 148
119 17 129
119 22 153
119 23 3
119 31 79
119 33 60
119 36 114
119 39 81
119 45 97
119 47 8
119 50 105
119 76 44
119 77 125
119 97 169
119 105 20
119 108 101
119 109 19
119 111 110
119 113 29
119 115 90
119 118 153
119 123 67
119 142 147
119 143 111
119 151 164
119 154 62
119 184 121
119 187 200
119 189 50
119 192 79
119 194 53
119 215 149
119 217 8
119 223 5
119 228 103
119 235 38
120 5 17
120 10 168
120 12 119
120 15 113
120 28 176
120 43 175
120 52 157
120 55 52
120 73 95
120 88 176
120 92 152
120 101 113
120 112 37
120 130 180
120 134 154
120 143 190
120 144 198
120 147 100
120 153 52
120 155 162
120 156 113
120 161 124
120 174 161
120 181 115
120 187 2
120 190 165
120 192 63
120 196 9
120 208 122
120 212 118
120 220 47
120 228 138
120 231 85
120 233 117
121 6 50
121 7 60
121 8 43
121 9 6
121 12 112
121 28 137
121 34 133
121 40 15
121 41 49
121 43 170
121 46 147
121 47 154
121 48 111
121 49 144
121 63 53
121 74 162
121 87 105
121 90 118
121 100 85
121 115 17
121 131 184
121 132 38
121 147 182
121 148 198
121 153 47
121 162 103
121 168 115
121 172 45
121 178 192
121 183 200
121 187 113
121 196 193
121 200 11
121 213 155
121 219 199
122 15 74
122 17 91
122 20 83
122 30 89
122 39 91
122 51 4
122 54 187
122 74 44
122 93 114
122 143 130
122 155 48
122 161 27
122 164 187
122 174 117
122 184 63
122 188 3
122 189 100
122 211 101
122 217 136
122 232 50
122 235 99
123 3 190
123 6 164
123 14 95
123 15 181
123 16 115
123 21 159
123 39 174
123 40 126
123 45 113
123 54 124
123 55 199
123 69 155
123 71 158
123 83 87
123 84 45
123 91 114
123 99 73
123 108 40
123 118 179
123 122 155
123 126 87
123 136 6
123 142 141
123 143 156
123 146 20
123 153 95
123 159 7
123 166 120
123 168 31
123 170 56
123 178 170
123 179 172
123 180 20
123 190 16
123 194 105
123 201 86
123 215 174
123 220 78
123 230 11
124 3 38
124 4 153
124 7 10
124 16 192
124 17 62
124 25 48
124 30 188
124 35 175
124 42 121
124 43 27
124 63 154
124 111 27
124 119 66
124 125 159
124 127 119
124 130 173
124 143 130
124 157 13
124 171 179
124 172 50
124 179 195
124 182 35
124 184 171
124 196 167
124 197 6
124 203 187
124 226 71
124 230 91
124 232 160
124 233 100
125 5 102
125 17 150
125 35 4
125 43 63
125 54 141
125 56 65
125 58 110
125 69 81
125 73 40
125 75 30
125 84 107
125 89 193
125 99 8
125 122 124
125 126 103
125 133 126
125 134 96
125 157 32
125 161 91
125 178 27
125 179 33
125 182 37
125 187 61
125 188 156
125 195 3
125 208 18
125 211 94
125 216 25
125 224 60
125 226 5
125 229 76
125 232 161
126 1 154
126 17 31
126 24 23
126 39 95
126 43 96
126 46 133
126 52 175
126 64 87
126 68 114
126 73 33
126 74 31
126 75 74
126 76 109
126 85 85
126 96 199
126 98 156
126 106 68
126 108 41
126 112 182
126 130 101
126 138 78
126 146 194
126 161 8
126 169 32
126 186 11
126 187 101
126 190 57
126 193 71
126 198 105
126 202 84
126 220 183
126 225 59
126 231 115
126 235 158
127 19 105
127 25 162
127 29 42
127 37 79
127 54 48
127 63 107
127 64 63
127 75 30
127 79 180
127 80 123
127 85 114
127 87 131
127 99 79
127 104 181
127 113 171
127 114 12
127 117 33
127 120 48
127 124 6
127 132 40
127 138 80
127 146 168
127 155 92
127 158 88
127 165 190
127 186 197
127 191 123
127 197 125
127 204 7
127 214 37
127 218 82
127 223 111
127 233 150
128 12 123
128 13 141
128 14 149
128 20 29
128 21 155
128 30 178
128 33 161
128 36 78
128 45 91
128 51 91
128 52 108
128 58 24
128 63 61
128 70 119
128 89 56
128 91 109
128 112 76
128 116 48
128 123 140
128 126 196
128 127 91
128 129 27
128 132 185
128 143 87
128 161 149
128 162 61
128 165 45
128 171 138
128 177 142
128 179 155
128 182 87
128 188 16
128 193 47
128 197 36
128 202 197
128 218 2
129 15 165
129 18 157
129 20 79
129 36 8
129 41 199
129 45 186
129 57 31
129 60 59
129 65 56
129 67 38
129 86 119
129 89 132
129 116 37
129 121 58
129 126 127
129 134 128
129 137 36
129 138 63
129 157 14
129 167 185
129 176 124
129 186 11
129 196 74
129 201 17
129 203 165
129 213 160
129 214 185
129 215 12
129 234 147
130 6 181
130 15 165
130 19 64
130 20 89
130 32 195
130 36 71
130 37 87
130 39 132
130 41 101
130 45 97
130 49 187
130 52 90
130 62 16
130 70 70
130 73 127
130 74 73
130 83 148
130 106 54
130 107 109
130 108 163
130 110 19
130 131 45
130 154 38
130 162 29
130 166 118
130 172 54
130 175 146
130 187 29
130 208 190
130 210 109
130 212 128
130 215 122
130 228 73
130 232 191
130 234 10
131 2 67
131 6 61
131 8 48
131 20 198
131 22 113
131 31 145
131 41 136
131 48 2
131 55 112
131 57 158
131 69 128
131 73 184
131 74 105
131 76 181
131 84 44
131 101 19
131 102 152
131 106 40
131 124 56
131 135 180
131 137 157
131 146 62
131 148 125
131 159 138
131 169 51
131 174 33
131 187 65
131 191 173
131 192 57
131 197 55
131 202 134
131 209 123
131 219 67
131 222 182
131 234 72
132 1 179
132 13 78
132 14 160
132 23 180
132 26 189
132 29 117
132 36 60
132 44 124
132 47 173
132 53 192
132 57 120
132 59 192
132 60 143
132 68 159
132 77 199
132 79 75
132 90 68
132 95 60
132 102 199
132 119 157
132 126 111
132 128 184
132 137 21
132 145 35
132 160 40
132 162 27
132 173 168
132 174 115
132 178 93
132 180 149
132 186 138
132 201 23
132 208 178
132 230 97
132 233 154
133 11 118
133 17 165
133 22 13
133 52 42
133 54 138
133 63 157
133 70 113
133 81 81
133 84 99
133 90 23
133 102 79
133 107 125
133 109 90
133 117 91
133 121 76
133 132 46
133 133 1
133 148 59
133 153 18
133 156 35
133 185 50
133 186 196
133 201 2
133 207 164
133 221 40
133 224 103
133 234 54
133 235 62
134 4 32
134 5 150
134 14 16
134 16 150
134 19 67
134 21 180
134 31 143
134 34 156
134 35 136
134 39 55
134 45 36
134 47 187
134 62 77
134 64 66
134 65 111
134 100 119
134 121 156
134 123 186
134 133 116
134 143 108
134 147 196
134 151 86
134 155 94
134 157 46
134 166 81
134 170 48
134 175 161
134 182 121
134 185 150
134 187 166
134 205 182
134 209 133
134 211 116
134 214 149
134 222 82
134 226 134
134 229 129
135 3 24
135 4 89
135 13 16
135 19 30
135 30 124
135 38 154
135 51 107
135 65 141
135 70 65
135 72 177
135 79 49
135 83 2
135 96 92
135 99 156
135 116 198
135 125 177
135 129 50
135 140 195
135 141 10
135 142 97
135 143 107
135 145 130
135 149 198
135 158 73
135 162 111
135 163 130
135 166 140
135 190 12
135 198 164
135 206 73
135 216 92
135 226 139
136 11 161
136 28 107
136 31 169
136 34 36
136 40 61
136 54 27
136 62 176
136 63 77
136 68 3
136 70 176
136 72 78
136 83 46
136 94 132
136 103 27
136 106 175
136 108 133
136 111 21
136 112 184
136 114 29
136 116 128
136 119 113
136 122 178
136 127 200
136 144 175
136 146 59
136 163 139
136 164 138
136 166 22
136 167 163
136 171 29
136 174 113
136 177 123
136 180 88
136 200 81
136 217 110
136 219 100
136 229 107
136 234 37
137 2 176
137 6 61
137 9 13
137 10 5
137 20 106
137 31 144
137 41 32
137 44 32
137 48 76
137 51 4
137 57 167
137 62 56
137 68 83
137 75 31
137 80 185
137 81 34
137 82 158
137 98 195
137 104 124
137 119 95
137 120 169
137 124 86
137 128 124
137 131 81
137 159 8
137 167 163
137 173 161
137 179 69
137 197 62
137 198 67
137 214 106
137 216 189
137 219 79
137 231 118
137 232 193
138 2 136
138 8 61
138 17 176
138 18 168
138 22 88
138 52 132
138 57 134
138 58 95
138 60 14
138 63 117
138 68 31
138 74 200
138 81 74
138 84 25
138 87 123
138 92 168
138 94 193
138 95 9
138 96 43
138 101 73
138 106 168
138 110 5
138 121 33
138 128 37
138 129 66
138 148 51
138 152 142
138 167 54
138 174 129
138 186 59
138 198 199
138 225 17
138 226 71
138 228 126
139 3 184
139 5 110
139 23 9
139 32 69
139 34 156
139 36 23
139 37 185
139 45 186
139 48 22
139 56 58
139 63 10
139 66 144
139 77 178
139 87 155
139 104 104
139 132 20
139 135 27
139 157 72
139 160 25
139 165 12
139 167 108
139 187 42
139 204 62
139 215 1
139 220 48
139 221 143
139 223 59
139 224 46
139 227 159
140 3 81
140 5 123
140 9 94
140 15 190
140 16 132
140 25 114
140 31 145
140 38 106
140 42 51
140 49 82
140 50 79
140 51 60
140 53 91
140 59 174
140 72 37
140 80 45
140 83 78
140 84 9
140 89 24
140 91 101
140 94 33
140 105 35
140 107 8
140 110 26
140 133 48
140 143 8
140 150 73
140 153 190
140 165 18
140 179 70
140 194 100
140 200 98
140 204 193
140 207 145
140 212 39
140 213 76
140 220 59
140 221 135
140 230 181
141 1 109
141 6 16
141 20 11
141 21 168
141 29 106
141 43 184
141 55 157
141 66 103
141 70 13
141 77 165
141 90 126
141 92 113
141 95 149
141 96 160
141 97 72
141 107 174
141 109 7
141 113 31
141 118 47
141 120 149
141 121 48
141 125 68
141 139 200
141 154 97
141 159 12
141 165 145
141 166 135
141 169 87
141 175 155
141 179 69
141 186 19
141 187 15
141 193 84
141 194 29
141 200 182
141 207 142
141 212 165
141 214 90
141 219 196
141 229 177
142 6 54
142 19 121
142 24 42
142 32 2
142 33 32
142 39 113
142 42 128
142 51 190
142 57 144
142 76 126
142 77 90
142 80 143
142 85 193
142 88 90
142 98 192
142 104 5
142 105 186
142 114 126
142 116 43
142 126 92
142 128 147
142 137 14
142 143 106
142 153 182
142 161 194
142 178 87
142 194 75
142 199 158
142 227 129
142 235 70
143 12 87
143 14 182
143 19 142
143 24 128
143 38 136
143 63 173
143 78 40
143 94 15
143 102 115
143 105 135
143 109 140
143 112 4
143 122 30
143 131 84
143 133 45
143 137 21
143 140 40
143 164 182
143 181 98
143 206 83
143 214 73
143 215 44
143 218 48
143 223 178
143 224 178
144 3 41
144 5 17
144 6 4
144 11 199
144 20 145
144 42 74
144 56 85
144 58 78
144 62 167
144 65 164
144 69 165
144 74 92
144 77 155
144 83 179
144 94 6
144 121 90
144 123 118
144 124 161
144 127 71
144 137 154
144 138 158
144 148 91
144 153 193
144 156 139
144 162 188
144 169 27
144 177 12
144 179 184
144 183 74
144 192 189
144 193 113
144 195 115
144 198 157
144 199 116
144 206 113
144 217 101
144 218 141
144 221 149
144 229 131
144 231 108
145 7 64
145 13 95
145 17 199
145 25 18
145 28 74
145 29 156
145 36 59
145 67 143
145 74 116
145 75 129
145 77 96
145 79 73
145 81 19
145 84 89
145 87 164
145 94 159
145 100 115
145 109 175
145 124 94
145 128 141
145 132 115
145 139 6
145 140 55
145 149 24
145 153 73
145 154 119
145 167 124
145 177 14
145 186 67
145 191 6
145 196 73
146 3 130
146 5 101
146 7 23
146 9 99
146 55 174
146 57 178
146 64 158
146 69 68
146 73 45
146 78 86
146 83 164
146 88 70
146 92 57
146 102 4
146 103 33
146 109 167
146 128 70
146 138 159
146 142 60
146 146 10
146 147 25
146 153 65
146 166 64
146 168 48
146 177 89
146 179 182
146 182 124
146 184 102
146 190 200
146 196 129
146 197 126
146 198 81
146 226 29
146 232 148
147 2 180
147 10 154
147 11 125
147 29 89
147 33 174
147 35 170
147 48 126
147 75 89
147 80 39
147 82 182
147 94 92
147 100 23
147 101 148
147 105 113
147 110 181
147 128 159
147 134 75
147 141 157
147 144 175
147 156 138
147 162 5
147 167 64
147 182 72
147 185 128
147 190 117
147 211 23
147 234 8
148 12 43
148 14 56
148 32 189
148 35 190
148 38 35
148 44 94
148 52 115
148 55 75
148 57 67
148 60 36
148 74 200
148 78 155
148 79 26
148 90 182
148 91 198
148 96 48
148 97 81
148 107 63
148 111 180
148 120 40
148 121 137
148 129 136
148 131 166
148 132 26
148 149 92
148 158 29
148 173 97
148 181 171
148 183 146
148 184 72
148 192 179
148 195 188
148 202 127
148 213 167
148 219 129
148 221 113
148 223 12
148 229 43
148 232 187
148 235 79
149 7 30
149 12 186
149 14 185
149 23 55
149 25 119
149 30 135
149 32 54
149 38 152
149 48 197
149 50 185
149 59 143
149 67 85
149 83 121
149 90 108
149 95 110
149 97 12
149 110 89
149 114 159
149 117 135
149 119 34
149 120 30
149 130 113
149 138 173
149 152 156
149 160 31
149 174 53
149 177 20
149 178 42
149 184 48
149 190 6
149 192 72
149 213 77
149 217 143
149 227 9
150 4 132
150 22 14
150 30 95
150 33 137
150 35 117
150 44 43
150 46 122
150 50 59
150 52 127
150 70 194
150 74 118
150 77 36
150 79 157
150 84 6
150 91 194
150 94 91
150 97 191
150 106 23
150 108 3
150 109 115
150 116 130
150 123 185
150 128 168
150 133 101
150 134 27
150 135 15
150 137 106
150 139 50
150 141 91
150 154 1
150 164 10
150 186 174
150 188 166
150 196 104
150 199 111
150 201 82
150 232 146
151 8 184
151 21 140
151 31 72
151 32 177
151 41 57
151 43 108
151 44 133
151 50 15
151 55 53
151 58 24
151 60 5
151 63 28
151 71 178
151 74 120
151 75 157
151 84 163
151 98 87
151 99 58
151 101 141
151 102 101
151 104 115
151 105 190
151 106 143
151 111 67
151 114 200
151 120 117
151 126 32
151 128 103
151 129 179
151 135 65
151 137 49
151 142 162
151 153 156
151 156 72
151 160 138
151 166 165
151 183 179
151 203 22
151 211 179
151 215 184
151 221 45
151 228 183
151 229 11
151 234 23
152 2 102
152 10 119
152 12 137
152 30 140
152 42 128
152 44 77
152 48 192
152 67 195
152 70 66
152 80 135
152 88 61
152 90 17
152 95 51
152 100 45
152 103 72
152 106 181
152 108 61
152 115 72
152 117 142
152 118 17
152 120 143
152 127 31
152 128 181
152 129 74
152 131 4
152 135 159
152 137 57
152 166 1
152 179 141
152 182 19
152 184 23
152 186 195
152 194 137
152 199 111
152 209 86
152 213 17
152 224 187
153 6 78
153 20 11
153 34 4
153 37 12
153 43 23
153 45 173
153 50 14
153 59 67
153 66 44
153 67 194
153 68 128
153 69 115
153 76 87
153 79 96
153 84 9
153 96 69
153 98 76
153 100 34
153 104 72
153 126 34
153 133 42
153 136 72
153 139 126
153 149 60
153 154 46
153 159 72
153 161 149
153 174 156
153 180 158
153 183 165
153 193 142
153 195 35
153 212 175
153 217 98
153 221 46
153 224 197
153 225 70
153 231 59
154 6 16
154 18 113
154 24 4
154 30 95
154 34 179
154 50 90
154 56 190
154 73 139
154 74 158
154 78 17
154 92 173
154 103 181
154 105 2
154 109 14
154 115 53
154 119 127
154 122 26
154 131 50
154 136 151
154 137 126
154 140 6
154 148 108
154 157 90
154 162 99
154 167 94
154 172 16
154 176 196
154 180 139
154 186 12
154 194 65
154 199 149
154 206 179
154 211 129
154 222 152
154 224 25
154 225 107
155 4 41
155 6 14
155 7 198
155 15 150
155 17 182
155 21 170
155 23 130
155 26 183
155 32 135
155 34 134
155 41 110
155 47 112
155 48 184
155 49 12
155 52 37
155 54 141
155 59 71
155 69 126
155 77 39
155 83 164
155 97 141
155 105 187
155 109 54
155 132 105
155 134 51
155 144 2
155 152 35
155 154 180
155 163 105
155 173 60
155 177 38
155 192 145
155 207 25
155 208 35
155 220 46
155 231 7
156 1 156
156 7 175
156 10 189
156 38 43
156 41 109
156 43 50
156 56 154
156 61 44
156 62 61
156 66 143
156 79 184
156 80 131
156 92 68
156 93 174
156 95 94
156 100 161
156 102 160
156 110 147
156 112 17
156 115 11
156 128 100
156 129 51
156 134 142
156 135 4
156 138 110
156 141 131
156 152 100
156 155 135
156 156 118
156 157 145
156 171 141
156 177 25
156 181 72
156 187 81
156 190 67
156 191 132
156 193 131
156 204 173
156 209 175
156 213 191
156 226 115
156 227 158
157 1 74
157 9 134
157 10 131
157 15 167
157 19 46
157 35 43
157 58 66
157 68 62
157 83 53
157 106 165
157 107 65
157 108 146
157 112 121
157 116 126
157 125 28
157 135 20
157 137 12
157 144 145
157 145 165
157 165 152
157 173 122
157 179 36
157 183 185
157 186 188
157 190 167
157 194 115
157 196 112
157 203 93
157 207 57
157 218 26
157 219 2
157 228 130
157 230 112
158 14 132
158 33 49
158 42 157
158 50 126
158 53 66
158 57 171
158 58 178
158 68 30
158 73 35
158 81 75
158 87 150
158 88 160
158 90 103
158 96 170
158 98 172
158 117 199
158 126 86
158 140 75
158 148 120
158 167 121
158 190 59
158 194 60
158 200 39
158 201 173
158 218 171
158 232 131
158 235 182
159 10 149
159 22 132
159 28 111
159 29 60
159 43 15
159 46 111
159 49 168
159 51 141
159 58 176
159 59 138
159 63 70
159 74 158
159 78 172
159 83 97
159 85 107
159 86 84
159 89 199
159 101 28
159 107 55
159 125 149
159 126 65
159 144 129
159 145 69
159 150 137
159 158 140
159 165 80
159 169 175
159 171 64
159 182 50
159 191 57
159 194 45
159 198 150
159 210 188
159 211 108
159 212 161
159 216 155
159 217 18
159 223 129
159 230 47
160 1 194
160 16 18
160 27 116
160 30 151
160 33 190
160 35 12
160 48 9
160 53 73
160 55 162
160 61 189
160 64 79
160 81 111
160 89 53
160 103 159
160 107 131
160 110 190
160 114 98
160 116 10
160 128 116
160 137 162
160 151 11
160 152 173
160 175 158
160 177 113
160 181 112
160 188 65
160 191 73
160 197 66
160 199 83
160 216 153
160 218 112
160 221 28
161 9 171
161 10 180
161 12 130
161 13 112
161 20 191
161 32 90
161 48 184
161 58 105
161 68 78
161 75 14
161 83 15
161 84 83
161 88 172
161 101 97
161 103 72
161 107 70
161 111 106
161 137 187
161 140 183
161 141 68
161 142 111
161 147 140
161 158 180
161 163 23
161 164 5
161 165 5
161 170 88
161 176 39
161 181 157
161 182 152
161 184 66
161 186 127
161 188 131
161 198 147
161 214 190
161 215 73
161 216 36
161 229 125
161 233 129
162 16 66
162 17 138
162 26 95
162 27 148
162 31 110
162 49 191
162 61 19
162 62 179
162 72 48
162 78 157
162 81 161
162 98 116
162 101 68
162 102 100
162 108 47
162 110 42
162 120 56
162 126 51
162 128 81
162 138 94
162 139 8
162 147 32
162 155 111
162 160 86
162 162 114
162 165 9
162 169 76
162 178 139
162 194 45
162 196 200
162 197 67
162 198 110
162 206 138
162 210 162
162 214 57
162 215 199
162 232 104
163 4 27
163 7 129
163 16 152
163 19 135
163 29 89
163 35 67
163 57 154
163 59 140
163 60 113
163 65 195
163 75 148
163 77 116
163 78 28
163 107 193
163 112 123
163 117 59
163 126 104
163 132 160
163 139 125
163 144 112
163 146 187
163 148 15
163 154 108
163 156 187
163 167 33
163 171 169
163 194 76
163 202 194
163 207 177
163 210 74
163 235 98
164 3 3
164 10 2
164 19 1
164 20 90
164 24 42
164 26 67
164 30 195
164 32 133
164 37 131
164 54 142
164 59 32
164 67 198
164 81 169
164 84 25
164 97 72
164 99 179
164 109 80
164 119 32
164 129 103
164 136 143
164 142 18
164 144 69
164 151 51
164 159 156
164 160 102
164 161 19
164 166 31
164 175 47
164 183 196
164 189 56
164 195 96
164 198 150
164 220 9
164 227 96
165 4 191
165 7 2
165 8 162
165 11 186
165 26 135
165 27 45
165 31 127
165 33 166
165 44 194
165 53 95
165 55 142
165 60 66
165 68 25
165 71 21
165 83 97
165 86 80
165 87 164
165 94 66
165 102 148
165 108 166
165 110 22
165 119 49
165 120 184
165 123 4
165 129 96
165 132 131
165 150 60
165 155 191
165 162 33
165 166 68
165 172 39
165 173 23
165 175 22
165 179 152
165 185 8
165 189 156
165 190 196
165 198 86
165 209 73
165 212 190
165 215 132
165 219 167
165 220 55
165 222 157
165 230 187
165 233 103
166 18 36
166 20 102
166 34 168
166 41 183
166 42 67
166 44 141
166 46 184
166 52 51
166 59 145
166 60 31
166 66 133
166 67 156
166 71 173
166 77 165
166 82 175
166 95 11
166 107 188
166 110 196
166 118 163
166 147 147
166 153 151
166 156 158
166 160 33
166 161 176
166 162 99
166 171 164
166 180 142
166 193 105
166 196 120
166 199 80
166 201 159
166 202 107
166 206 182
166 211 79
166 213 90
166 214 48
166 218 19
166 220 73
166 221 50
166 232 163
166 234 103
167 3 183
167 15 118
167 19 27
167 32 99
167 40 93
167 52 38
167 54 38
167 88 40
167 96 200
167 98 137
167 104 143
167 110 109
167 113 169
167 126 118
167 127 8
167 138 84
167 142 11
167 146 64
167 163 156
167 168 42
167 178 175
167 185 62
167 189 23
167 190 53
167 208 103
167 217 23
167 219 71
167 222 175
167 225 72
168 1 34
168 5 29
168 11 6
168 16 103
168 17 8
168 34 57
168 35 147
168 36 45
168 38 94
168 53 187
168 57 44
168 59 30
168 62 81
168 63 152
168 70 150
168 75 150
168 79 111
168 82 34
168 92 160
168 105 127
168 106 141
168 107 1
168 116 101
168 133 2
168 135 176
168 141 153
168 149 57
168 153 198
168 163 23
168 165 183
168 168 21
168 173 8
168 190 164
168 195 27
168 208 63
168 211 171
168 226 83
168 229 9
168 235 15
169 14 128
169 21 147
169 26 58
169 30 158
169 36 179
169 39 9
169 41 107
169 52 128
169 55 72
169 56 92
169 64 87
169 72 198
169 75 184
169 81 40
169 96 98
169 137 138
169 143 167
169 146 50
169 149 194
169 150 164
169 156 24
169 159 176
169 161 184
169 187 32
169 200 139
169 207 162
169 211 94
169 224 109
170 6 44
170 18 54
170 25 123
170 27 172
170 29 153
170 32 132
170 34 81
170 43 131
170 51 93
170 63 139
170 68 59
170 75 164
170 77 31
170 79 97
170 84 161
170 85 14
170 96 88
170 100 10
170 108 103
170 109 54
170 122 11
170 127 96
170 134 17
170 140 34
170 146 72
170 167 153
170 170 65
170 171 10
170 174 114
170 177 110
170 191 71
170 206 110
170 209 164
170 215 193
170 220 33
170 227 68
170 228 77
170 230 65
170 232 198
171 10 169
171 15 3
171 27 8
171 31 132
171 42 185
171 52 105
171 66 44
171 68 151
171 69 192
171 72 5
171 80 53
171 90 198
171 119 15
171 127 149
171 133 166
171 136 48
171 138 20
171 139 118
171 144 113
171 148 181
171 149 184
171 151 174
171 154 51
171 155 45
171 164 137
171 165 196
171 175 77
171 188 4
171 192 72
171 195 141
171 201 154
171 213 40
171 219 95
171 233 161
172 15 123
172 26 80
172 30 17
172 42 118
172 61 30
172 68 161
172 70 74
172 75 34
172 81 158
172 96 88
172 97 182
172 101 123
172 109 135
172 116 153
172 134 193
172 142 199
172 147 134
172 160 176
172 163 173
172 167 136
172 174 20
172 175 61
172 192 83
172 200 48
172 202 17
172 207 154
172 216 140
172 219 170
172 220 145
172 221 34
172 223 82
172 224 19
172 232 113
172 233 51
173 9 136
173 14 94
173 18 11
173 19 9
173 25 128
173 26 120
173 36 48
173 47 61
173 51 194
173 53 135
173 60 14
173 77 186
173 80 85
173 89 99
173 105 113
173 111 9
173 112 34
173 122 84
173 167 70
173 177 69
173 187 131
173 194 38
173 199 22
173 201 22
173 206 7
173 210 119
173 211 56
173 212 40
174 5 137
174 7 120
174 12 90
174 24 25
174 33 166
174 36 52
174 52 185
174 53 45
174 58 123
174 59 33
174 62 105
174 63 69
174 77 119
174 84 118
174 89 6
174 95 3
174 101 168
174 107 119
174 110 12
174 120 2
174 127 154
174 135 33
174 137 70
174 148 37
174 169 70
174 171 43
174 174 58
174 176 28
174 186 161
174 190 65
174 191 19
174 199 50
174 235 185
175 1 61
175 13 74
175 17 102
175 22 64
175 33 10
175 38 146
175 39 187
175 52 194
175 69 50
175 72 55
175 76 112
175 80 120
175 81 60
175 86 67
175 88 87
175 92 130
175 99 30
175 117 40
175 118 84
175 119 62
175 132 61
175 152 72
175 153 83
175 156 104
175 162 129
175 171 62
175 173 16
175 177 146
175 179 32
175 180 17
175 188 130
175 191 92
175 192 42
175 193 183
175 218 156
175 233 52
176 5 128
176 6 94
176 20 45
176 56 129
176 60 148
176 87 109
176 88 48
176 90 159
176 104 175
176 121 135
176 134 41
176 150 156
176 155 174
176 163 124
176 168 17
176 172 35
176 180 147
176 181 51
176 184 90
176 189 75
176 201 64
176 214 57
176 215 20
177 3 95
177 13 74
177 20 101
177 34 187
177 48 115
177 49 35
177 55 94
177 57 166
177 59 162
177 90 187
177 99 163
177 102 91
177 105 86
177 106 71
177 112 138
177 120 196
177 123 197
177 146 24
177 150 36
177 160 152
177 168 198
177 190 111
177 196 120
177 197 184
177 210 57
177 211 122
177 228 73
177 229 84
178 8 185
178 10 129
178 15 55
178 23 31
178 24 2
178 29 108
178 32 169
178 33 117
178 44 142
178 51 62
178 58 34
178 61 104
178 62 200
178 72 196
178 79 146
178 86 37
178 90 18
178 105 35
178 113 33
178 115 166
178 119 59
178 127 20
178 130 117
178 141 56
178 148 131
178 165 188
178 185 39
178 187 139
178 192 109
178 207 63
178 216 174
178 227 45
179 4 191
179 11 29
179 19 76
179 21 145
179 22 136
179 42 44
179 62 13
179 70 77
179 72 106
179 73 46
179 75 132
179 100 57
179 122 194
179 134 77
179 137 94
179 151 11
179 160 112
179 164 78
179 174 177
179 181 170
179 182 97
179 190 45
179 192 177
179 196 179
179 203 33
179 216 167
179 226 70
179 227 141
179 232 29
179 233 43
180 3 186
180 11 171
180 13 23
180 15 61
180 27 67
180 29 158
180 34 56
180 35 79
180 39 187
180 41 161
180 49 125
180 50 118
180 56 170
180 58 70
180 60 147
180 63 15
180 73 80
180 80 10
180 94 92
180 105 8
180 106 131
180 109 140
180 130 53
180 143 107
180 152 71
180 157 85
180 158 25
180 159 92
180 161 177
180 163 53
180 178 134
180 179 114
180 186 175
180 193 157
180 197 126
180 205 42
180 214 66
180 216 182
180 218 72
180 225 52
180 230 94
181 9 148
181 12 122
181 30 15
181 34 17
181 39 20
181 46 29
181 49 97
181 50 29
181 77 72
181 82 56
181 89 159
181 105 164
181 110 108
181 125 17
181 126 34
181 134 144
181 147 41
181 151 77
181 154 73
181 155 45
181 158 10
181 159 138
181 178 171
181 180 118
181 191 16
181 193 12
181 194 136
181 196 149
181 199 36
181 202 187
181 208 194
181 215 183
181 228 60
181 231 9
182 5 200
182 12 79
182 13 189
182 20 48
182 22 59
182 23 61
182 24 103
182 27 169
182 28 24
182 35 163
182 40 185
182 41 9
182 55 58
182 57 177
182 66 85
182 75 130
182 81 173
182 85 46
182 94 20
182 95 144
182 103 116
182 108 35
182 113 107
182 122 51
182 139 183
182 145 142
182 146 189
182 152 128
182 178 125
182 205 49
182 208 136
182 212 124
182 219 79
182 224 125
182 225 123
182 227 90
183 1 137
183 7 177
183 8 58
183 10 160
183 12 139
183 29 195
183 44 120
183 60 197
183 71 123
183 75 4
183 81 78
183 84 96
183 86 1
183 91 49
183 94 39
183 101 116
183 130 83
183 159 145
183 163 166
183 169 17
183 188 39
183 194 107
183 198 145
183 212 163
183 213 107
183 215 32
183 233 38
184 1 137
184 24 156
184 30 160
184 31 26
184 32 92
184 34 136
184 35 36
184 36 3
184 38 27
184 50 30
184 58 74
184 63 175
184 69 152
184 70 29
184 74 52
184 84 199
184 97 30
184 100 53
184 122 37
184 126 97
184 138 135
184 140 134
184 142 15
184 146 104
184 157 172
184 159 121
184 170 200
184 174 86
184 175 27
184 179 31
184 180 123
184 185 163
184 203 139
184 204 34
184 205 141
184 218 182
184 219 121
184 221 176
185 14 137
185 16 147
185 20 5
185 26 10
185 44 121
185 46 108
185 48 39
185 55 125
185 65 107
185 71 68
185 84 177
185 93 95
185 97 164
185 101 63
185 102 180
185 117 130
185 126 166
185 132 103
185 140 50
185 157 117
185 165 188
185 169 28
185 178 148
185 180 62
185 192 191
185 193 38
185 202 95
185 203 131
185 206 19
185 207 168
185 213 58
185 214 155
185 220 114
186 1 62
186 2 117
186 11 187
186 15 121
186 22 155
186 26 111
186 29 179
186 39 174
186 44 39
186 53 74
186 55 89
186 62 101
186 64 5
186 67 19
186 80 19
186 91 108
186 93 68
186 109 135
186 117 47
186 126 96
186 127 34
186 130 109
186 149 38
186 159 71
186 162 155
186 173 120
186 182 42
186 187 122
186 194 177
186 198 148
186 210 188
186 231 190
187 2 64
187 3 174
187 8 110
187 23 18
187 29 36
187 50 89
187 58 191
187 66 74
187 68 114
187 71 80
187 75 174
187 78 118
187 79 98
187 80 144
187 86 177
187 94 117
187 96 79
187 110 24
187 116 164
187 122 112
187 125 132
187 130 1
187 137 135
187 138 38
187 160 72
187 162 176
187 171 160
187 172 48
187 181 123
187 182 99
187 200 189
187 205 187
187 207 72
187 223 99
187 225 156
187 226 59
187 230 139
188 4 99
188 5 132
188 6 4
188 9 130
188 15 57
188 16 73
188 22 27
188 29 153
188 31 50
188 35 95
188 47 31
188 63 73
188 64 59
188 69 94
188 74 156
188 77 11
188 83 180
188 93 193
188 104 35
188 112 155
188 115 104
188 126 82
188 128 30
188 130 2
188 134 23
188 137 168
188 143 25
188 155 121
188 156 75
188 157 83
188 165 11
188 169 173
188 177 166
188 193 14
188 195 102
188 200 175
188 211 86
188 223 80
188 232 127
188 234 87
189 3 127
189 7 109
189 16 159
189 31 185
189 33 154
189 43 114
189 50 147
189 58 134
189 64 107
189 74 181
189 79 40
189 81 162
189 83 15
189 94 21
189 97 164
189 104 37
189 108 140
189 117 140
189 123 109
189 124 15
189 142 175
189 147 71
189 155 139
189 164 92
189 165 36
189 168 41
189 176 18
189 177 73
189 197 72
189 219 144
189 220 160
189 225 198
189 226 4
189 230 118
189 232 134
189 233 158
190 1 184
190 2 33
190 13 91
190 16 42
190 21 13
190 22 82
190 23 3
190 26 179
190 30 103
190 34 118
190 47 167
190 63 42
190 64 58
190 65 75
190 68 8
190 71 184
190 92 97
190 103 147
190 107 75
190 111 132
190 117 187
190 120 93
190 121 5
190 123 10
190 124 188
190 128 164
190 132 8
190 137 192
190 145 33
190 169 141
190 177 101
190 183 16
190 184 173
190 197 143
190 202 57
190 207 138
190 215 24
190 219 12
190 225 68
190 228 78
190 229 129
191 8 35
191 9 72
191 10 138
191 24 61
191 30 79
191 39 73
191 41 158
191 57 25
191 71 100
191 75 89
191 76 163
191 79 144
191 82 93
191 93 173
191 117 131
191 119 8
191 124 132
191 128 74
191 134 41
191 140 24
191 142 126
191 154 8
191 160 149
191 165 68
191 174 17
191 198 86
191 205 44
191 215 28
191 217 105
191 223 73
191 224 108
191 226 139
191 233 144
192 2 198
192 6 152
192 8 175
192 9 70
192 10 109
192 12 199
192 14 169
192 25 149
192 27 114
192 34 112
192 49 42
192 68 38
192 70 195
192 74 1
192 81 169
192 84 20
192 95 193
192 103 192
192 105 146
192 112 1
192 118 140
192 127 165
192 129 17
192 137 177
192 142 160
192 150 196
192 151 82
192 154 33
192 163 103
192 184 172
192 187 176
192 191 100
192 198 123
192 203 150
192 206 170
192 212 183
192 216 101
192 220 90
192 229 132
193 1 166
193 11 2
193 16 125
193 32 3
193 33 148
193 39 125
193 52 171
193 80 167
193 90 118
193 91 114
193 92 64
193 115 70
193 116 6
193 119 29
193 129 86
193 137 182
193 141 188
193 153 81
193 155 15
193 162 20
193 167 183
193 189 139
193 207 148
193 209 35
193 213 61
193 219 49
193 220 4
193 221 196
193 224 101
193 232 93
194 5 127
194 6 66
194 9 46
194 11 51
194 12 68
194 15 193
194 28 127
194 29 190
194 34 112
194 39 196
194 44 56
194 60 175
194 62 65
194 67 61
194 70 155
194 71 150
194 76 42
194 88 95
194 102 182
194 111 9
194 113 66
194 117 117
194 130 147
194 136 13
194 140 151
194 150 159
194 152 14
194 167 106
194 170 154
194 172 114
194 189 150
194 190 80
194 191 132
194 195 196
194 197 82
194 213 151
194 215 140
194 219 161
194 221 141
194 224 3
194 228 156
194 231 148
194 234 178
194 235 21
195 3 8
195 4 84
195 7 122
195 21 1
195 24 178
195 32 104
195 46 9
195 50 44
195 52 172
195 59 155
195 76 8
195 80 122
195 82 114
195 88 21
195 89 27
195 97 19
195 100 87
195 106 128
195 110 51
195 116 18
195 120 75
195 121 84
195 123 120
195 130 167
195 134 44
195 139 60
195 140 169
195 146 200
195 148 7
195 154 98
195 162 172
195 166 166
195 167 182
195 177 93
195 179 167
195 188 111
195 192 148
195 196 175
195 202 154
195 203 119
195 211 82
195 226 162
195 228 40
195 230 147
195 233 134
196 15 18
196 21 165
196 28 172
196 30 98
196 47 15
196 48 141
196 54 172
196 55 99
196 58 61
196 60 138
196 62 94
196 71 72
196 86 107
196 87 93
196 99 31
196 103 156
196 119 64
196 125 196
196 146 137
196 162 109
196 166 162
196 171 48
196 172 56
196 174 89
196 176 153
196 178 175
196 188 170
196 212 66
196 213 166
196 218 116
196 224 152
196 226 136
196 229 32
196 231 123
196 232 33
197 2 47
197 30 64
197 31 156
197 32 97
197 64 124
197 69 94
197 89 190
197 101 195
197 105 152
197 122 35
197 127 25
197 134 107
197 143 50
197 146 173
197 153 44
197 156 158
197 159 134
197 160 43
197 161 166
197 162 22
197 165 147
197 166 92
197 169 191
197 170 13
197 172 9
197 177 58
197 182 164
197 185 144
197 192 90
197 193 86
197 194 128
197 200 88
197 220 101
197 233 84
197 234 136
198 1 24
198 4 177
198 17 77
198 18 171
198 20 128
198 32 111
198 34 147
198 37 34
198 46 113
198 51 119
198 67 29
198 76 70
198 77 5
198 78 23
198 90 35
198 91 26
198 97 170
198 100 78
198 104 169
198 105 182
198 110 87
198 111 178
198 114 97
198 116 30
198 120 67
198 136 134
198 138 110
198 143 154
198 144 35
198 145 193
198 154 41
198 159 10
198 162 121
198 168 118
198 187 132
198 201 200
198 217 180
198 219 79
198 221 185
198 223 92
198 232 149
199 1 166
199 7 114
199 10 153
199 11 188
199 36 100
199 41 131
199 51 109
199 55 178
199 90 99
199 95 42
199 101 64
199 102 76
199 107 138
199 111 45
199 112 95
199 114 72
199 135 154
199 139 200
199 156 58
199 171 98
199 181 41
199 183 19
199 184 170
199 193 110
199 194 151
199 202 121
199 212 89
199 213 29
199 214 58
199 215 181
199 225 177
199 230 23
200 2 46
200 4 82
200 6 162
200 18 145
200 26 12
200 30 71
200 40 122
200 41 110
200 51 112
200 59 137
200 60 137
200 61 2
200 66 182
200 81 183
200 97 25
200 102 87
200 105 183
200 108 82
200 113 137
200 125 23
200 127 100
200 134 58
200 151 132
200 161 50
200 168 179
200 170 172
200 174 30
200 175 36
200 185 104
200 198 159
200 200 10
200 207 149
200 208 40
200 220 123
200 221 94
200 235 3
201 7 193
201 12 15
201 14 64
201 20 57
201 39 152
201 48 200
201 53 58
201 73 85
201 78 183
201 80 82
201 83 171
201 99 117
201 101 115
201 105 59
201 108 91
201 113 14
201 128 117
201 129 174
201 138 16
201 139 47
201 141 145
201 151 197
201 166 34
201 188 49
201 189 107
201 190 43
201 212 197
201 226 98
201 231 165
201 233 42
201 234 100
202 1 110
202 7 9
202 14 163
202 19 118
202 24 112
202 26 115
202 34 175
202 38 196
202 46 49
202 49 8
202 56 118
202 58 165
202 59 74
202 70 177
202 81 55
202 82 39
202 100 45
202 102 28
202 103 6
202 107 91
202 110 172
202 114 3
202 116 124
202 117 172
202 126 109
202 138 118
202 147 121
202 154 159
202 156 34
202 162 162
202 163 58
202 169 143
202 182 170
202 185 173
202 188 60
202 206 81
202 216 87
202 218 186
202 228 28
202 232 135
203 28 145
203 29 146
203 31 99
203 34 170
203 38 74
203 43 105
203 64 9
203 86 70
203 92 132
203 97 14
203 111 160
203 118 55
203 123 16
203 126 35
203 140 179
203 144 77
203 149 152
203 165 99
203 168 187
203 173 137
203 177 12
203 180 44
203 182 32
203 185 182
203 186 16
203 192 43
203 200 14
203 201 54
203 204 181
203 207 42
203 216 188
203 218 125
203 219 139
203 229 38
204 12 95
204 21 164
204 28 142
204 30 55
204 34 33
204 39 25
204 40 68
204 53 192
204 55 80
204 61 36
204 62 178
204 77 58
204 89 64
204 90 81
204 92 108
204 94 50
204 96 17
204 120 119
204 124 45
204 130 48
204 134 52
204 153 61
204 156 91
204 157 66
204 163 66
204 168 71
204 171 59
204 195 54
204 200 147
204 207 149
204 208 43
204 209 193
204 214 112
204 223 185
204 225 47
204 229 144
205 1 9
205 3 67
205 16 135
205 26 40
205 32 102
205 35 64
205 39 49
205 40 165
205 50 144
205 56 108
205 62 166
205 66 160
205 74 27
205 75 10
205 83 160
205 89 30
205 97 22
205 98 2
205 105 95
205 118 88
205 129 24
205 144 105
205 150 93
205 168 170
205 178 53
205 193 135
205 205 115
205 206 116
205 211 71
205 212 161
205 225 59
206 2 32
206 4 27
206 5 145
206 7 71
206 8 80
206 9 8
206 10 72
206 12 44
206 17 151
206 25 179
206 29 161
206 39 63
206 40 157
206 50 171
206 53 174
206 55 187
206 75 144
206 81 175
206 84 33
206 101 31
206 102 198
206 107 138
206 122 123
206 133 119
206 144 142
206 146 10
206 148 33
206 149 58
206 150 80
206 156 146
206 158 68
206 167 63
206 177 172
206 179 13
206 188 86
206 196 4
206 199 20
206 202 157
206 210 47
206 217 123
206 222 87
206 225 160
207 2 137
207 16 44
207 23 130
207 27 110
207 30 30
207 31 73
207 36 36
207 37 62
207 39 56
207 42 33
207 57 151
207 60 130
207 65 103
207 72 45
207 90 139
207 94 136
207 102 54
207 131 171
207 138 81
207 149 121
207 152 33
207 154 4
207 158 133
207 162 118
207 163 7
207 164 105
207 167 26
207 180 6
207 190 179
207 201 113
207 203 165
207 205 115
207 206 156
207 214 46
207 232 176
207 233 137
208 5 118
208 8 163
208 13 150
208 18 125
208 21 147
208 25 101
208 26 55
208 35 49
208 37 97
208 40 145
208 45 184
208 68 150
208 70 115
208 82 16
208 83 22
208 88 100
208 89 20
208 93 107
208 96 17
208 98 178
208 102 11
208 108 195
208 117 183
208 120 141
208 135 107
208 138 99
208 150 7
208 152 14
208 155 144
208 156 182
208 162 150
208 166 14
208 167 144
208 173 99
208 176 138
208 177 42
208 181 151
208 190 144
208 195 90
208 209 199
208 210 89
208 218 26
208 219 148
208 221 155
208 225 41
209 3 122
209 6 54
209 14 12
209 25 28
209 30 23
209 35 190
209 39 190
209 55 17
209 60 124
209 69 130
209 75 123
209 81 23
209 87 136
209 101 88
209 108 118
209 114 69
209 120 189
209 125 131
209 134 164
209 137 39
209 138 21
209 158 5
209 160 142
209 164 164
209 175 94
209 181 140
209 187 52
209 190 71
209 208 40
209 212 7
209 228 112
210 12 161
210 15 60
210 27 75
210 32 188
210 34 34
210 39 16
210 41 177
210 55 50
210 77 92
210 81 106
210 84 124
210 90 114
210 101 193
210 103 11
210 104 31
210 107 61
210 112 151
210 122 114
210 124 24
210 126 190
210 128 134
210 131 180
210 133 131
210 138 97
210 145 73
210 157 70
210 161 101
210 162 144
210 166 109
210 168 59
210 183 7
210 194 69
210 197 70
210 205 33
210 206 8
210 213 104
210 234 49
211 1 184
211 5 153
211 8 140
211 9 41
211 14 29
211 25 5
211 33 33
211 41 39
211 44 187
211 45 93
211 48 190
211 51 100
211 58 68
211 60 131
211 62 185
211 73 47
211 75 61
211 83 34
211 89 72
211 92 82
211 98 134
211 105 15
211 119 191
211 126 192
211 130 173
211 151 11
211 153 61
211 158 157
211 162 19
211 168 116
211 183 157
211 187 154
211 196 69
211 203 96
211 205 195
211 218 97
211 221 52
211 223 27
211 229 87
211 232 39
211 233 120
212 15 28
212 22 90
212 23 139
212 35 158
212 37 27
212 46 186
212 48 170
212 50 60
212 52 57
212 54 52
212 68 145
212 70 23
212 71 194
212 72 88
212 73 147
212 74 156
212 79 100
212 82 103
212 83 174
212 86 16
212 91 60
212 96 80
212 113 84
212 116 107
212 120 74
212 122 132
212 129 159
212 135 100
212 140 170
212 144 149
212 146 171
212 150 150
212 155 190
212 157 110
212 160 59
212 162 16
212 163 47
212 169 29
212 186 75
212 196 103
212 200 32
212 204 19
212 208 125
212 211 177
212 219 58
212 222 71
212 233 132
213 8 158
213 13 125
213 19 58
213 24 173
213 25 184
213 31 137
213 34 8
213 50 91
213 54 10
213 55 139
213 59 1
213 66 61
213 84 60
213 100 101
213 102 184
213 104 9
213 127 90
213 133 45
213 135 68
213 143 106
213 148 91
213 150 48
213 157 132
213 169 193
213 173 79
213 174 103
213 175 69
213 180 7
213 192 160
213 195 91
213 199 138
213 204 117
213 214 15
213 218 147
213 223 89
214 1 199
214 3 83
214 5 96
214 8 41
214 11 44
214 25 186
214 37 193
214 40 57
214 46 198
214 68 93
214 71 40
214 75 6
214 78 182
214 80 84
214 95 25
214 99 39
214 105 126
214 106 72
214 112 171
214 115 118
214 121 102
214 126 73
214 128 138
214 152 108
214 154 184
214 160 28
214 178 198
214 184 101
214 185 42
214 194 144
214 197 141
214 220 192
214 223 179
214 224 189
214 226 184
214 230 174
214 231 126
214 232 128
215 2 30
215 13 123
215 20 20
215 21 21
215 46 81
215 47 154
215 53 56
215 64 105
215 66 192
215 67 181
215 86 129
215 96 114
215 109 50
215 115 30
215 117 138
215 119 187
215 124 90
215 130 122
215 134 166
215 136 87
215 137 22
215 140 160
215 143 182
215 147 114
215 149 151
215 162 112
215 168 102
215 170 87
215 182 86
215 187 28
215 191 14
215 197 67
215 202 150
215 207 186
215 220 88
215 221 30
216 13 139
216 18 143
216 24 135
216 26 82
216 41 76
216 48 15
216 49 148
216 54 125
216 78 44
216 81 85
216 95 64
216 96 85
216 105 6
216 119 181
216 125 123
216 129 179
216 137 140
216 138 105
216 144 93
216 146 91
216 147 168
216 160 194
216 172 129
216 176 53
216 179 173
216 182 94
216 188 120
216 195 123
216 215 79
216 218 159
216 221 152
216 230 169
216 232 53
216 235 38
217 1 3
217 4 128
217 14 52
217 17 150
217 20 5
217 24 48
217 29 186
217 30 20
217 42 132
217 44 144
217 45 200
217 49 55
217 51 74
217 63 140
217 71 111
217 72 166
217 73 182
217 74 78
217 82 112
217 95 62
217 100 83
217 111 84
217 125 155
217 138 2
217 166 158
217 169 34
217 171 112
217 173 62
217 181 154
217 186 164
217 187 51
217 191 156
217 193 92
217 202 55
217 203 57
217 206 48
217 216 102
217 222 43
217 224 67
218 10 185
218 12 138
218 15 18
218 29 191
218 42 11
218 60 157
218 61 101
218 62 129
218 71 90
218 74 131
218 75 192
218 83 151
218 87 13
218 94 27
218 95 106
218 97 166
218 102 185
218 121 91
218 126 77
218 127 46
218 138 196
218 145 192
218 150 48
218 152 104
218 154 83
218 157 102
218 161 160
218 164 82
218 182 3
218 194 154
218 195 100
218 200 140
218 202 91
218 210 118
218 211 130
218 235 102
219 3 26
219 11 183
219 17 182
219 20 68
219 22 113
219 27 173
219 40 18
219 53 77
219 60 199
219 61 75
219 62 42
219 76 183
219 92 117
219 110 70
219 112 180
219 113 113
219 117 61
219 122 28
219 123 16
219 125 96
219 127 129
219 128 175
219 138 129
219 151 84
219 152 81
219 154 29
219 163 175
219 166 171
219 170 98
219 182 104
219 183 24
219 186 123
219 192 38
219 200 5
219 201 190
219 224 102
219 225 177
219 233 160
220 15 178
220 18 128
220 51 186
220 92 171
220 95 110
220 107 103
220 109 192
220 111 42
220 114 15
220 127 5
220 130 69
220 131 30
220 135 100
220 142 149
220 151 156
220 153 28
220 155 184
220 179 36
220 188 8
220 189 158
220 192 159
220 193 105
220 199 14
220 218 134
220 219 180
220 221 51
220 228 91
220 232 121
220 233 153
220 234 19
220 235 32
221 9 82
221 14 146
221 16 18
221 24 53
221 30 56
221 39 120
221 40 196
221 65 97
221 67 134
221 83 200
221 85 117
221 86 115
221 93 99
221 97 17
221 100 22
221 106 79
221 115 1
221 122 58
221 125 38
221 129 110
221 137 168
221 152 143
221 161 123
221 164 101
221 166 74
221 168 126
221 189 143
221 212 194
221 215 30
221 233 162
221 234 26
221 235 111
222 23 107
222 24 195
222 37 115
222 44 162
222 53 114
222 55 111
222 57 10
222 58 199
222 64 110
222 73 78
222 76 65
222 78 161
222 80 95
222 81 86
222 82 191
222 85 95
222 91 95
222 92 28
222 96 4
222 98 62
222 104 122
222 106 79
222 116 115
222 119 195
222 153 156
222 159 57
222 173 141
222 179 185
222 180 18
222 192 118
222 207 47
222 208 125
222 218 112
222 234 162
223 2 38
223 3 177
223 4 24
223 25 200
223 50 175
223 52 133
223 65 77
223 70 39
223 84 93
223 86 171
223 92 76
223 95 35
223 101 17
223 115 171
223 126 63
223 129 173
223 131 32
223 140 184
223 152 3
223 183 98
223 185 131
223 187 158
223 203 107
223 209 71
223 217 142
223 226 124
224 21 140
224 27 188
224 31 200
224 35 51
224 39 101
224 45 190
224 47 179
224 60 124
224 64 141
224 72 153
224 80 9
224 92 17
224 93 143
224 95 53
224 97 140
224 102 170
224 105 88
224 116 108
224 117 140
224 122 150
224 123 32
224 126 124
224 143 85
224 153 34
224 158 21
224 163 15
224 169 191
224 170 127
224 172 85
224 189 84
224 195 3
224 202 24
224 208 24
224 213 154
224 229 26
224 230 124
224 231 143
225 4 4
225 33 48
225 36 83
225 37 108
225 41 56
225 50 52
225 52 2
225 55 108
225 56 143
225 66 172
225 85 147
225 103 50
225 113 63
225 121 96
225 128 82
225 136 186
225 137 181
225 140 67
225 156 159
225 159 195
225 160 58
225 164 85
225 184 32
225 218 93
225 224 39
225 225 7
225 230 116
225 231 193
225 233 185
226 1 40
226 7 87
226 10 140
226 21 39
226 28 170
226 29 200
226 33 46
226 36 173
226 40 153
226 41 105
226 44 115
226 45 76
226 49 52
226 56 116
226 67 139
226 68 147
226 70 149
226 75 124
226 105 79
226 113 16
226 129 82
226 134 26
226 152 25
226 157 119
226 159 57
226 162 117
226 169 157
226 171 15
226 172 185
226 174 149
226 182 151
226 204 24
226 216 36
226 226 91
227 8 62
227 19 157
227 23 90
227 26 59
227 28 81
227 29 194
227 36 163
227 47 147
227 51 70
227 58 14
227 63 62
227 65 8
227 66 113
227 67 163
227 69 83
227 73 191
227 76 130
227 79 117
227 88 168
227 98 106
227 101 187
227 104 176
227 113 174
227 115 95
227 118 191
227 125 158
227 126 196
227 127 141
227 135 181
227 154 183
227 179 183
227 181 194
227 186 139
227 188 24
227 193 52
227 194 171
227 195 18
227 198 167
227 206 117
227 208 87
227 210 180
227 211 130
227 224 46
227 233 92
228 3 92
228 6 80
228 15 35
228 29 173
228 35 148
228 36 2
228 40 78
228 47 134
228 59 178
228 68 52
228 73 29
228 80 120
228 92 161
228 104 24
228 106 12
228 108 142
228 109 6
228 117 195
228 124 87
228 133 96
228 141 18
228 142 91
228 144 66
228 154 187
228 158 57
228 165 134
228 169 25
228 177 36
228 187 63
228 188 70
228 193 80
228 196 107
228 202 102
228 210 66
228 218 79
228 230 49
228 233 19
229 10 109
229 14 135
229 30 148
229 33 112
229 43 115
229 58 67
229 62 72
229 63 90
229 67 79
229 76 165
229 77 47
229 83 25
229 91 4
229 94 142
229 98 194
229 100 94
229 108 159
229 109 181
229 118 102
229 121 92
229 122 5
229 125 89
229 133 106
229 141 27
229 153 120
229 162 12
229 163 128
229 169 185
229 170 43
229 173 128
229 182 156
229 185 103
229 186 62
229 188 103
229 190 166
229 200 128
229 219 170
230 2 189
230 20 17
230 23 200
230 28 106
230 47 63
230 51 176
230 54 109
230 55 156
230 58 169
230 64 154
230 66 114
230 70 101
230 75 55
230 76 157
230 82 106
230 90 143
230 92 15
230 95 132
230 96 63
230 100 178
230 102 11
230 108 199
230 112 20
230 118 90
230 121 154
230 122 74
230 148 152
230 149 9
230 156 39
230 170 79
230 173 130
230 176 28
230 180 48
230 181 129
230 183 133
230 194 110
230 195 56
230 196 193
230 205 66
230 210 24
230 212 146
230 218 131
230 219 125
230 228 152
231 2 88
231 5 182
231 10 46
231 13 102
231 15 65
231 25 60
231 35 79
231 41 27
231 47 59
231 50 51
231 64 116
231 87 164
231 89 76
231 95 19
231 98 172
231 114 67
231 128 98
231 133 101
231 142 46
231 144 97
231 154 181
231 169 130
231 181 6
231 199 36
231 200 122
231 204 23
231 206 12
231 212 19
231 214 154
231 221 88
231 233 170
232 4 193
232 5 69
232 17 167
232 22 94
232 29 85
232 34 27
232 43 124
232 56 111
232 57 37
232 67 126
232 70 26
232 75 200
232 77 2
232 83 45
232 86 124
232 94 68
232 99 94
232 101 24
232 105 113
232 125 190
232 161 5
232 169 42
232 172 147
232 174 192
232 176 115
232 180 170
232 181 3
232 190 133
232 207 75
232 208 42
232 209 54
232 216 67
232 217 110
232 224 20
233 3 112
233 10 146
233 31 46
233 33 35
233 34 56
233 42 34
233 46 113
233 75 34
233 76 34
233 78 114
233 82 30
233 86 157
233 90 181
233 93 123
233 106 132
233 108 45
233 112 64
233 140 88
233 146 38
233 157 162
233 160 80
233 166 152
233 170 83
233 171 34
233 175 84
233 190 157
233 192 76
233 198 137
233 200 175
233 207 137
233 210 108
233 217 86
233 222 83
233 226 106
233 232 73
233 235 90
234 3 139
234 29 185
234 33 75
234 37 172
234 47 98
234 48 104
234 69 80
234 70 30
234 72 178
234 74 12
234 82 26
234 85 193
234 88 99
234 96 63
234 100 155
234 101 130
234 109 14
234 114 189
234 119 164
234 136 97
234 140 146
234 148 39
234 164 185
234 165 72
234 171 127
234 175 92
234 180 158
234 188 161
234 197 197
234 214 182
234 224 3
234 225 136
235 7 166
235 10 77
235 20 59
235 26 15
235 40 181
235 41 139
235 54 196
235 55 158
235 58 102
235 59 173
235 61 151
235 63 152
235 67 35
235 73 57
235 76 82
235 82 200
235 86 45
235 93 45
235 94 96
235 99 142
235 104 35
235 119 32
235 120 14
235 123 113
235 126 75
235 129 123
235 133 74
235 135 24
235 140 104
235 146 76
235 147 111
235 149 69
235 150 152
235 152 169
235 161 35
235 169 84
235 181 59
235 186 182
235 195 42
235 199 112

