make: Nothing to be done for 'all'.

S_FW

0.000001
0.000001
0.000002
0.000002
0.000012
0.000011
0.000071
0.000063
0.000064
0.000063
0.000245
0.000255
0.000400
0.000401
0.001345
0.001331
0.002558
0.002520
0.001504
0.001421
0.016910
0.017500
0.017392
0.017376
0.105614
0.114611
0.142057
0.170827
0.132160
0.132034
1.212749
1.238903
1.223051
1.306842
1.305638
1.324540
10.076320
9.854682

P_FW

0.010119
0.002395
0.001237
0.000649
0.001236
0.000992
0.001298
0.000834
0.001204
0.000962
0.001360
0.000722
0.003113
0.005097
0.004494
0.004074
0.009027
0.009057
0.001529
0.001103
0.041208
0.061306
0.035628
0.035812
0.194879
0.194490
0.375183
0.392456
0.469346
0.381056
3.480935
3.773004
3.147397
3.128373
3.171793
3.241414
21.911821
22.022700

S_FWT

0.088091
0.087946
0.090852
0.088109
0.088622
0.088350
0.088384
0.088171
0.088039
0.088631
0.088184
0.088224
0.088365
0.088391
0.090047
0.089628
0.090338
0.090478
0.088186
0.088271
0.098049
0.097915
0.099757
0.097697
0.122196
0.123913
0.150903
0.151241
0.726552
0.729039
1.162770
1.159344
1.149145
1.154165
2.794472
2.751010
8.873858
9.104971

P_FWT

0.107729
0.107425
0.107692
0.107543
0.107843
0.107365
0.107536
0.107429
0.107461
0.107620
0.108037
0.107737
0.107754
0.108203
0.115880
0.108108
0.109116
0.109004
0.107518
0.107568
0.115596
0.119090
0.127636
0.126597
0.155803
0.156266
0.188813
0.187702
0.693272
0.680326
1.032202
0.952572
0.903326
0.910805
2.088593
2.185017
5.549504
5.692567
