make: Nothing to be done for 'all'.

S_FW

0.000001
0.000001
0.000001
0.000001
0.000001
0.000001
0.000001
0.000001
0.000001
0.000001
0.000003
0.000002
0.000002
0.000002
0.000002
0.000002
0.000002
0.000002
0.000003
0.000002
0.000011
0.000011
0.000012
0.000012
0.000012
0.000011
0.000012
0.000012
0.000012
0.000011
0.000062
0.000100
0.000079
0.000063
0.000090
0.000090
0.000062
0.000062
0.000062
0.000084
0.000063
0.000063
0.000063
0.000063
0.000063
0.000064
0.000063
0.000063
0.000064
0.000063
0.000203
0.000204
0.000202
0.000204
0.000204
0.000205
0.000204
0.000202
0.000205
0.000202
0.000243
0.000244
0.000266
0.000274
0.000244
0.000244
0.000243
0.000244
0.000244
0.000385
0.000404
0.000544
0.000546
0.000400
0.000402
0.000401
0.000400
0.000400
0.000398
0.000400
0.001313
0.001313
0.001312
0.001312
0.001309
0.001312
0.001313
0.001314
0.001333
0.001333
0.002528
0.002995
0.002563
0.002539
0.002522
0.002526
0.002615
0.002523
0.002550
0.002521
0.001433
0.001422
0.001423
0.001414
0.001419
0.001425
0.001426
0.001450
0.001437
0.001419
0.017079
0.017455
0.017141
0.017609
0.016974
0.016994
0.017033
0.017550
0.017157
0.017047
0.017215
0.017808
0.017439
0.017318
0.017363
0.017342
0.017423
0.017354
0.017411
0.017366
0.028532
0.029421
0.028983
0.028391
0.027969
0.029174
0.028819
0.028222
0.027980
0.028514
0.106896
0.105140
0.110255
0.105894
0.105573
0.106489
0.105451
0.105114
0.105968
0.107462
0.139184
0.136898
0.136487
0.136714
0.138320
0.136446
0.152399
0.137094
0.136561
0.139331
0.131122
0.131474
0.138516
0.131923
0.132252
0.131937
0.135160
0.131658
0.131640
0.134022
0.592957
0.601197
0.585378
0.606506
0.600455
0.596806
0.608417
0.594718
0.611150
0.587654
1.202852
1.205082
1.190373
1.187521
1.199561
1.190033
1.190952
1.193191
1.203726
1.183995
1.212516
1.219198
1.218137
1.217607
1.231859
1.228529
1.221741
1.219980
1.214499
1.222030
1.239568
1.230178
1.238370
1.235933
1.238317
1.236011
1.245112
1.257454
1.247243
1.251617
4.269178
4.368393
4.373530
4.694728
4.326527
4.598533
4.445020
4.483291
4.526398
4.379813
6.201833
6.581552
6.546048
6.456392
6.741852
6.495069
6.426479
6.466642
6.487521
6.580194
10.159089
10.423291
10.268045
10.208754
9.948898
10.422579
10.142666
9.802351
10.368618
10.300229
19.523224
19.912189
19.268094
19.951982
19.244355
19.923789
19.314376
19.586336
19.771530
19.520762

P_FW

0.003979
0.001756
0.000995
0.000338
0.001715
0.001638
0.001625
0.001452
0.001809
0.001621
0.001476
0.001928
0.000089
0.004137
0.000091
0.000119
0.003670
0.000331
0.000748
0.001170
0.001218
0.001071
0.000851
0.001205
0.005352
0.003962
0.000494
0.001005
0.000900
0.001032
0.000812
0.001089
0.000832
0.002914
0.000273
0.001796
0.004459
0.000970
0.001009
0.005003
0.003996
0.005240
0.001126
0.001062
0.000989
0.000749
0.001090
0.000626
0.000585
0.000801
0.001245
0.016960
0.001473
0.001131
0.003388
0.001100
0.003611
0.001503
0.000551
0.000688
0.000822
0.001000
0.005256
0.000411
0.000749
0.000810
0.000828
0.000650
0.000821
0.000363
0.004699
0.006820
0.001581
0.001622
0.003092
0.002291
0.001345
0.008640
0.004786
0.008845
0.006454
0.008965
0.004526
0.005092
0.004646
0.003588
0.009911
0.004251
0.017228
0.004346
0.008245
0.008666
0.008007
0.007713
0.009454
0.008577
0.008626
0.014490
0.010642
0.008479
0.001288
0.001069
0.004142
0.000899
0.001205
0.000846
0.003990
0.002036
0.001108
0.003121
0.040586
0.040881
0.040424
0.041590
0.040759
0.045136
0.040432
0.040619
0.040610
0.040194
0.034883
0.047534
0.036057
0.036433
0.034316
0.034658
0.040323
0.036263
0.036628
0.036829
0.088715
0.083837
0.083979
0.084463
0.084200
0.088600
0.088411
0.090597
0.084998
0.091425
0.188617
0.188762
0.193989
0.186591
0.192527
0.192206
0.189508
0.188947
0.188528
0.187557
0.356390
0.372628
0.357561
0.362388
0.364198
0.357913
0.372260
0.378829
0.356987
0.363973
0.350772
0.347807
0.342593
0.353868
0.344875
0.342994
0.350727
0.346393
0.343263
0.365358
1.689382
1.681194
1.697151
1.723669
1.722246
1.692971
1.707867
1.719385
1.696950
1.746498
3.638273
3.423605
3.458168
3.403067
3.378371
3.471549
3.378764
3.363749
3.426407
3.395114
3.120765
3.247541
3.148574
3.126109
3.240913
3.171873
3.642560
3.276541
3.124476
3.195264
3.263184
3.162219
3.160976
3.296153
3.238897
3.252447
3.292366
3.184148
3.165561
3.271205
11.575129
11.680944
11.612672
11.527577
11.530489
11.622279
11.852701
11.707184
11.406019
11.880616
16.585255
16.548522
16.747459
16.817832
16.619722
17.301205
16.667013
16.736457
16.868079
17.109810
22.777575
22.388175
22.045500
22.329120
22.278408
22.458299
22.206782
22.602218
22.726459
22.297021
46.050124
45.698578
46.109427
45.769378
45.910592
45.834818
46.238600
45.425630
46.533323
46.216685

S_FWT

0.090384
0.088018
0.088102
0.087886
0.088691
0.091243
0.088209
0.088086
0.087931
0.087817
0.088093
0.087813
0.088053
0.087853
0.088298
0.088062
0.088320
0.088545
0.087837
0.087918
0.088037
0.088052
0.087982
0.089056
0.088648
0.088737
0.087924
0.087976
0.087833
0.088140
0.088151
0.088325
0.088613
0.088255
0.095329
0.088199
0.088385
0.088859
0.088084
0.088044
0.088181
0.088189
0.088036
0.087951
0.088239
0.088344
0.088029
0.088183
0.088395
0.088315
0.088636
0.088582
0.088896
0.088541
0.088587
0.088440
0.088410
0.088435
0.088200
0.088294
0.088462
0.088104
0.088149
0.088499
0.088792
0.088908
0.088317
0.091939
0.096609
0.096334
0.096876
0.097307
0.096858
0.097137
0.097131
0.096836
0.097913
0.097215
0.096551
0.096937
0.098041
0.098082
0.097647
0.098024
0.097838
0.097476
0.098029
0.097628
0.098735
0.098144
0.099604
0.098497
0.091001
0.090061
0.090735
0.090365
0.090629
0.090734
0.089750
0.090496
0.087974
0.088245
0.092252
0.088163
0.088098
0.087939
0.088152
0.087911
0.088195
0.088134
0.096878
0.097784
0.097772
0.097284
0.098416
0.097984
0.097250
0.098060
0.106647
0.107460
0.108576
0.108082
0.108182
0.108576
0.107796
0.107081
0.108304
0.110374
0.107232
0.108240
0.115397
0.114573
0.115677
0.115991
0.115056
0.115013
0.114578
0.120167
0.115987
0.115378
0.133355
0.133141
0.132191
0.134605
0.133552
0.133009
0.132676
0.134272
0.133680
0.133275
0.165401
0.164616
0.172047
0.167056
0.165621
0.164542
0.165367
0.168090
0.165429
0.165019
0.794111
0.806287
0.795632
0.797031
0.961092
1.017519
1.024974
1.036208
0.908437
0.913082
1.141682
1.099231
1.006646
1.002357
1.009353
0.944364
0.917703
0.916114
0.916483
0.973214
1.263749
1.259134
1.257909
1.288042
1.260083
1.453847
1.614006
1.595576
1.449384
1.443756
1.335965
1.263809
1.256057
1.196100
1.148306
1.148661
1.174680
1.252569
1.255344
1.233775
2.751265
2.968953
2.994889
2.984294
2.806966
3.079340
2.991797
2.863609
3.015988
2.798334
4.084804
4.313484
4.202229
5.121114
4.798332
4.176807
4.009644
4.317699
4.327697
5.157809
9.234922
8.173111
8.230180
8.207321
7.977477
7.952085
7.994380
7.970765
7.957125
7.987303
8.960535
8.994354
9.116721
9.078506
9.109545
9.064699
9.020854
9.216210
9.105732
8.988557
17.457432
17.224248
17.680169
17.701287
17.628985
17.565463
17.190426
17.310209
17.604053
17.537679

P_FWT

0.107467
0.107888
0.107708
0.107492
0.107404
0.107507
0.107366
0.107894
0.112855
0.107355
0.107595
0.107456
0.107527
0.107761
0.107594
0.107310
0.107407
0.110825
0.107317
0.107963
0.107590
0.117469
0.117793
0.117471
0.117729
0.117640
0.118584
0.117649
0.117441
0.117747
0.118368
0.117634
0.117748
0.117614
0.117394
0.118178
0.117732
0.117631
0.118586
0.117652
0.117770
0.117595
0.115782
0.107376
0.107317
0.107709
0.107548
0.107361
0.107582
0.107326
0.107977
0.107382
0.108911
0.107558
0.108111
0.107740
0.107397
0.107710
0.110678
0.114686
0.107865
0.107426
0.107927
0.107589
0.109523
0.107831
0.113969
0.117723
0.118334
0.117831
0.118124
0.118358
0.118052
0.118537
0.118023
0.118859
0.118546
0.126328
0.117816
0.117742
0.118513
0.118641
0.118923
0.118247
0.119144
0.118348
0.120197
0.118512
0.108088
0.108473
0.108969
0.108980
0.109015
0.108795
0.108926
0.110798
0.109004
0.108704
0.108811
0.109073
0.107670
0.107498
0.107377
0.107327
0.107378
0.107364
0.107486
0.108535
0.107609
0.107870
0.115753
0.121031
0.126495
0.126482
0.126406
0.126345
0.126849
0.126522
0.126834
0.126280
0.129888
0.126480
0.126572
0.126244
0.126302
0.128654
0.130645
0.126547
0.126848
0.126502
0.133382
0.132956
0.124664
0.121761
0.121968
0.121484
0.121729
0.121897
0.121372
0.122035
0.142951
0.143629
0.144412
0.144238
0.142718
0.142865
0.142834
0.143966
0.143099
0.150301
0.173116
0.171181
0.186991
0.187814
0.188432
0.189025
0.187957
0.187184
0.190457
0.187968
0.685469
0.688237
0.673094
0.614170
0.625208
0.612983
0.632181
0.617002
0.659292
0.685515
0.838946
0.832552
0.835870
1.043339
1.069544
1.066699
1.014083
0.943231
0.944091
0.969672
1.078649
1.025706
1.035490
1.017060
0.951631
0.933787
0.940506
0.937955
1.021117
1.015229
0.996449
0.985947
0.908572
0.909191
0.909361
0.924817
0.987798
0.991007
0.985944
0.972648
1.973277
2.053559
2.216699
2.490856
2.775713
2.494622
2.367562
2.136512
2.043622
1.953200
2.915500
2.933020
3.120566
3.671070
3.331588
2.956946
3.204311
3.122134
2.866275
2.704046
5.488906
6.563184
5.374173
5.135457
6.369277
5.806808
5.901839
5.759771
5.609391
5.895304
5.495689
5.739448
6.782610
6.569025
5.445869
5.822818
6.784258
6.295434
5.446330
6.551739
11.744070
11.376054
10.726285
12.062536
11.535646
11.267042
11.385097
11.933704
11.831879
11.724773
