1024 7850
1 33 10
1 74 9
1 128 3
1 178 7
1 370 5
1 687 8
1 741 9
1 817 5
1 857 3
1 971 9
1 974 9
1 985 5
1 1022 9
2 110 4
2 304 7
2 417 1
2 428 10
2 476 8
3 555 1
3 744 1
4 169 2
4 453 2
4 582 8
4 644 8
4 659 6
4 751 10
4 922 10
5 57 6
5 517 8
5 529 8
5 576 4
5 767 10
5 801 7
5 933 8
6 168 6
6 171 3
6 233 5
6 264 4
6 545 7
6 631 7
6 635 5
6 717 7
6 721 3
6 855 5
6 1011 1
7 587 2
7 729 6
7 755 2
8 19 9
8 148 8
8 248 2
8 537 10
8 602 2
8 718 10
8 804 10
8 876 9
8 942 1
9 79 9
9 84 4
9 511 8
9 518 6
9 581 9
9 591 7
9 639 4
9 860 6
9 866 5
9 952 6
9 953 2
9 1014 8
10 183 5
10 208 10
10 231 4
10 327 3
10 422 3
10 853 9
10 972 3
11 21 6
11 36 4
11 698 7
11 711 4
12 62 3
12 249 8
12 294 6
12 359 4
12 409 9
12 416 5
12 506 3
12 620 9
12 655 5
12 735 8
12 740 9
12 795 2
13 79 7
13 512 7
13 529 6
13 575 4
13 753 1
13 791 3
13 834 8
13 854 1
13 915 9
13 954 7
14 131 4
14 243 2
14 386 1
14 513 2
14 877 6
15 80 6
15 116 7
15 578 2
15 671 10
15 762 10
15 781 10
15 854 7
15 1005 5
16 150 8
16 168 1
16 599 7
16 647 9
17 5 7
17 270 7
17 385 7
17 408 8
17 423 5
17 452 5
17 594 5
17 701 8
17 1003 6
18 433 8
18 436 7
18 498 6
18 592 8
18 702 4
18 774 1
18 802 9
18 956 4
18 999 3
19 108 5
19 114 10
19 148 1
19 264 8
19 549 1
19 972 10
20 25 7
20 37 7
20 75 5
20 218 7
20 588 9
20 632 3
20 690 7
21 159 5
21 413 9
21 470 5
21 541 2
22 171 5
22 332 9
22 434 7
22 509 5
22 597 6
22 614 6
23 38 1
23 159 3
23 293 3
23 699 4
24 160 4
24 250 4
24 267 8
24 268 8
24 277 10
24 434 9
24 620 8
24 629 7
24 648 9
24 890 8
24 959 6
25 16 5
25 71 4
25 75 2
25 209 3
25 359 6
25 577 10
25 578 7
25 595 7
25 608 4
25 708 10
25 873 1
25 1001 4
26 15 8
26 48 5
26 236 10
26 322 3
26 582 8
26 799 2
26 873 8
27 126 1
27 300 7
27 440 1
27 909 10
27 983 4
28 5 10
28 46 8
28 166 2
28 284 6
28 341 6
28 424 1
28 563 1
28 657 2
28 857 4
28 917 4
28 957 6
28 1003 1
29 5 5
29 73 2
29 133 9
29 209 8
29 357 4
29 421 2
29 506 2
29 537 1
29 597 8
30 82 3
30 753 6
30 903 5
30 1017 4
31 3 5
31 23 6
31 202 3
31 383 5
31 462 7
31 661 6
31 751 6
31 927 5
31 977 9
31 981 3
31 1014 2
32 36 1
32 98 6
32 229 6
32 232 6
32 306 1
32 380 1
32 408 7
32 581 6
32 657 5
32 662 7
32 723 3
32 821 8
32 823 8
32 836 6
33 82 10
33 144 8
33 254 8
33 257 7
33 282 2
33 283 4
33 327 1
33 732 9
33 737 8
33 990 5
34 188 6
34 508 3
34 674 2
34 705 2
34 706 4
34 767 5
34 945 3
35 90 4
35 143 2
35 239 8
35 282 10
35 406 2
35 521 9
35 529 8
35 604 7
35 767 5
35 908 4
36 40 2
36 59 2
36 337 4
36 468 9
36 493 3
36 711 1
36 838 9
36 980 10
37 22 4
37 238 2
37 658 10
37 709 3
37 756 1
38 48 7
38 71 10
38 110 3
38 231 8
38 637 1
38 917 8
38 934 4
39 261 5
39 424 2
39 450 7
39 612 3
39 717 1
39 840 9
39 913 3
40 144 8
40 148 7
40 251 7
40 343 3
40 472 10
40 725 10
40 921 8
40 991 9
41 133 2
41 177 10
41 234 7
41 259 1
41 298 4
41 305 10
41 767 3
41 883 8
42 347 10
42 623 9
42 901 7
42 956 4
43 22 8
43 279 7
43 391 2
43 716 4
43 972 1
43 983 3
44 163 10
44 281 5
44 282 5
44 589 10
44 719 9
45 33 4
45 299 7
45 326 7
45 413 8
45 428 6
45 565 8
45 788 6
46 182 6
46 294 10
46 317 5
46 420 2
46 551 2
46 660 10
46 962 1
46 1017 4
47 106 7
47 215 2
47 313 4
47 430 3
47 493 6
47 533 4
47 556 1
47 813 7
47 905 7
48 188 2
48 337 1
48 362 8
48 510 8
48 593 5
48 796 8
48 812 9
48 879 10
48 893 6
48 924 5
49 43 7
49 135 3
49 215 3
49 306 2
49 453 9
49 567 4
49 824 9
49 958 10
49 992 7
50 91 8
50 346 3
50 366 3
50 548 5
50 575 6
50 613 6
50 841 9
50 851 1
50 915 1
51 170 10
51 738 9
51 782 7
51 928 3
52 69 9
52 91 7
52 362 10
52 474 5
52 515 6
52 745 10
53 201 4
53 228 1
53 537 7
54 83 3
54 123 5
54 403 1
54 461 6
54 501 3
54 532 4
54 603 4
54 699 5
54 868 10
54 959 4
55 237 9
55 285 2
55 854 10
55 947 4
56 88 10
56 385 8
56 402 5
56 841 10
57 43 7
57 142 3
57 327 9
57 378 9
57 400 4
57 474 7
57 475 1
57 685 8
57 760 2
57 777 2
57 800 4
57 993 4
58 46 8
58 842 6
59 228 8
59 378 8
59 521 1
59 791 1
59 974 3
60 87 7
60 109 7
60 457 3
60 525 10
60 584 5
61 257 6
61 410 9
61 511 10
61 526 7
61 628 6
61 786 4
62 62 7
62 161 5
62 184 9
62 203 7
62 294 5
62 455 2
62 507 3
62 559 7
62 733 1
62 855 4
63 4 9
63 75 4
63 211 7
63 288 6
63 320 9
63 356 4
63 557 6
63 582 2
63 891 6
63 924 8
63 926 8
64 12 2
64 164 2
64 208 7
64 232 8
64 402 10
64 692 7
65 116 8
65 117 6
65 141 2
65 302 3
65 312 2
65 438 6
65 485 1
65 631 10
65 679 3
65 760 4
65 986 2
66 424 9
66 431 7
66 475 5
66 695 7
66 713 2
66 874 3
66 931 5
66 958 3
66 969 9
66 984 2
66 993 4
67 63 6
67 72 9
67 211 1
67 616 10
67 818 3
67 874 9
67 1004 7
68 321 2
68 329 5
68 461 6
68 504 7
68 542 8
68 884 9
68 967 1
69 101 6
69 220 1
69 351 10
69 479 8
69 503 7
69 680 2
69 987 6
70 197 3
70 345 8
70 823 5
70 906 4
70 1004 3
71 113 1
71 154 8
71 526 3
71 583 2
71 611 1
71 833 8
71 952 2
72 75 3
72 182 7
72 440 4
72 442 3
72 701 4
72 715 7
72 814 7
72 929 1
73 203 4
73 491 7
73 617 9
73 807 6
74 185 2
74 398 2
74 431 5
74 542 1
74 985 8
75 31 8
75 293 8
75 787 2
75 844 8
76 5 4
76 8 7
76 22 2
76 257 4
76 421 5
76 547 4
76 559 7
76 581 5
76 599 1
76 841 1
76 960 10
76 981 8
77 283 6
77 301 2
77 341 3
77 669 3
77 812 1
77 878 3
78 102 8
78 180 7
78 205 4
78 216 3
78 585 10
78 667 5
78 873 9
79 147 10
79 148 2
79 150 9
79 290 7
79 349 3
79 508 8
79 582 1
79 617 1
79 768 9
80 273 6
80 335 5
80 417 2
80 478 3
80 504 2
80 521 4
80 587 5
80 801 3
80 926 3
81 343 10
81 374 4
81 444 7
81 607 4
81 665 6
81 697 10
82 130 1
82 194 2
82 224 5
82 335 5
82 492 1
82 813 9
82 849 6
82 863 2
83 220 2
83 249 4
83 502 9
83 713 6
83 755 1
83 951 9
83 996 6
84 12 1
84 72 6
84 108 3
84 150 4
84 344 8
84 398 4
84 400 7
84 747 4
84 855 6
84 1003 2
84 1016 4
85 32 1
85 60 8
85 228 7
85 249 7
85 386 9
85 401 10
85 478 10
85 910 3
85 954 6
85 976 3
86 129 1
86 351 1
86 358 4
86 401 2
86 448 4
86 460 2
86 473 7
86 486 6
86 600 2
86 648 3
86 819 6
86 928 8
86 950 5
87 168 1
87 182 7
87 268 10
87 321 8
87 349 1
87 632 7
87 855 1
87 957 6
88 170 9
88 287 8
88 446 2
88 490 5
88 612 7
88 832 3
88 933 7
88 980 9
88 1004 9
88 1008 9
89 46 2
89 68 9
89 130 2
89 262 3
89 555 5
89 636 4
89 777 2
89 809 2
89 835 7
89 970 4
90 88 10
90 157 4
90 167 10
90 247 10
90 322 1
90 790 1
90 923 9
90 947 3
91 72 7
91 149 9
91 279 8
91 601 5
91 748 7
91 766 1
92 33 2
92 265 5
92 448 4
92 475 8
92 524 3
92 765 4
92 870 6
92 908 4
92 927 4
93 12 9
93 54 9
93 375 10
93 621 4
93 754 10
93 846 2
94 76 1
94 317 5
94 478 1
94 829 4
94 848 6
94 861 10
94 893 6
95 21 6
95 53 1
95 901 10
96 192 4
96 230 9
96 270 7
96 292 8
96 436 7
96 445 8
96 652 1
96 913 1
96 931 3
96 960 10
97 240 4
97 353 8
97 443 7
97 594 9
98 18 1
98 92 6
98 146 7
98 263 3
98 450 9
98 478 8
98 569 4
98 685 9
98 839 2
99 303 6
99 340 5
99 449 7
99 621 5
99 692 2
100 52 4
100 200 7
100 244 2
100 360 7
100 387 6
100 542 8
100 675 7
100 701 2
100 719 7
100 727 7
100 740 3
100 743 9
100 989 7
101 95 8
101 130 6
101 783 3
101 839 8
101 862 9
101 944 10
101 946 7
101 996 1
102 69 9
102 277 4
102 312 6
102 407 9
102 924 6
102 937 1
102 938 3
103 95 4
103 106 7
103 184 5
103 239 8
103 301 4
103 333 6
103 535 4
103 556 1
103 688 5
103 802 2
104 31 2
104 101 2
104 175 9
104 222 6
104 361 2
104 377 7
104 499 3
104 954 10
104 1018 1
105 14 1
105 66 10
105 132 1
105 138 9
105 397 10
105 774 1
105 894 2
105 959 7
106 97 9
106 206 9
106 416 9
106 621 2
106 636 5
106 756 5
106 772 8
106 864 2
106 987 10
107 13 5
107 143 7
107 365 10
108 156 1
108 729 9
109 12 2
109 297 2
109 319 9
109 345 9
109 372 6
109 561 7
109 847 2
110 371 5
110 450 9
110 455 4
110 761 4
111 184 9
111 631 2
111 650 5
111 671 1
111 727 5
111 762 3
111 865 10
111 885 4
112 36 1
112 179 3
112 203 10
112 220 5
112 244 2
112 429 1
112 529 7
113 100 6
113 538 9
113 568 6
113 707 6
114 232 9
114 702 9
114 841 10
114 867 7
115 144 8
115 251 5
115 285 5
115 465 1
115 703 1
116 32 4
116 73 6
116 97 6
116 201 4
116 263 9
116 316 10
116 437 5
116 444 3
116 483 2
116 826 6
116 908 8
117 13 4
117 191 10
117 308 7
117 625 10
117 667 1
117 775 9
117 778 6
117 814 8
117 833 8
117 999 4
118 17 3
118 32 6
118 58 2
118 185 4
118 209 5
118 291 1
118 402 10
118 473 9
118 653 1
118 716 10
118 740 2
119 266 6
119 337 5
119 414 8
119 669 4
119 769 6
119 813 2
119 869 9
119 949 9
119 1022 7
120 58 8
120 140 2
120 508 8
120 596 5
120 675 2
120 685 8
120 702 5
120 714 9
121 299 5
121 425 2
121 538 2
121 539 9
121 557 10
121 818 4
121 918 3
122 14 6
122 52 4
122 116 2
122 164 6
122 192 7
122 327 2
122 619 10
122 641 2
122 747 8
122 904 7
123 9 8
123 123 4
123 248 8
123 288 8
123 312 2
123 366 6
123 398 5
123 795 6
123 922 3
123 928 9
124 27 7
124 274 2
124 749 4
124 773 5
124 1009 6
125 151 7
125 237 7
125 693 4
125 790 8
125 924 2
125 1012 6
126 469 5
126 655 5
126 729 10
126 820 1
126 869 1
126 947 1
127 106 10
127 208 5
127 288 8
127 348 6
127 427 4
127 455 3
127 571 5
127 632 1
127 721 5
127 780 2
127 797 7
127 824 2
127 869 6
127 912 6
128 380 8
128 426 7
128 595 1
128 612 4
128 662 4
128 727 9
128 913 2
128 926 7
129 79 9
129 474 3
129 489 5
129 534 3
129 574 10
129 756 6
130 39 3
130 309 2
130 340 6
130 353 4
130 602 8
130 686 5
130 696 1
130 792 1
130 982 10
131 120 7
131 244 3
131 295 6
131 302 8
131 415 10
131 608 7
131 835 5
132 150 7
132 193 4
132 312 3
132 335 9
132 410 9
132 490 8
132 549 7
132 614 1
132 617 5
132 834 5
132 986 3
133 122 1
133 410 10
133 463 4
133 498 6
133 550 2
133 933 6
134 11 3
134 57 6
134 68 3
134 103 9
134 320 8
134 374 4
134 492 8
134 502 5
135 47 8
135 93 5
135 223 4
135 438 7
135 611 1
135 776 9
135 844 3
135 862 6
136 113 3
136 349 1
136 384 5
136 663 1
136 823 10
136 869 5
136 943 7
136 957 6
136 1011 9
137 16 9
137 36 5
137 69 5
137 167 4
137 182 9
137 436 10
137 503 8
137 508 6
137 578 2
137 592 8
137 891 3
137 893 7
137 988 6
138 146 7
138 395 7
138 416 2
138 471 1
138 812 3
138 891 3
138 1020 1
139 331 8
139 341 8
139 446 3
139 610 10
139 751 2
139 824 3
139 973 9
140 114 8
140 286 1
140 584 7
140 700 9
140 840 9
141 498 1
141 619 3
141 681 4
141 765 1
142 105 4
142 221 1
142 295 6
142 314 7
142 341 9
142 409 9
142 787 4
142 909 6
142 935 7
142 991 2
143 109 7
143 123 7
143 231 4
143 328 1
143 338 7
143 466 1
143 517 9
143 583 2
143 651 1
143 703 2
143 754 6
143 863 1
144 143 2
144 151 7
144 468 7
144 816 2
144 920 5
145 67 10
145 148 4
145 194 9
145 218 2
145 222 7
145 253 1
145 338 8
145 360 5
145 407 1
145 478 8
145 792 8
146 101 8
146 130 4
146 388 9
146 392 7
146 447 3
146 575 5
146 786 7
146 839 9
146 903 7
147 274 5
147 339 2
147 452 9
147 470 9
147 486 8
147 524 10
147 550 10
147 672 4
147 966 8
148 20 1
148 34 8
148 313 9
148 321 6
148 424 8
148 524 1
148 653 4
148 666 1
148 799 10
148 957 8
148 974 1
149 39 7
149 493 8
149 616 9
149 671 2
149 712 8
149 795 5
149 986 4
150 140 2
150 262 1
150 370 3
150 454 1
150 741 8
150 957 4
150 982 9
151 98 6
151 521 3
151 583 10
151 585 7
151 792 6
152 247 10
152 275 9
152 387 6
152 599 8
152 755 4
153 207 3
153 287 10
153 380 7
153 406 5
153 431 1
153 524 4
153 650 6
153 1012 7
154 319 3
155 147 6
155 290 9
155 722 1
155 768 10
156 89 4
156 107 4
156 170 2
156 629 6
156 681 4
156 837 1
156 950 2
156 965 3
156 996 8
156 1013 4
157 209 2
157 234 4
157 475 2
157 493 3
157 647 2
157 807 7
157 1009 3
158 85 7
158 229 1
158 247 2
158 491 3
158 522 6
158 598 5
158 981 9
159 207 1
159 295 1
159 483 1
159 559 6
159 595 1
159 787 3
159 944 7
159 1024 5
160 3 7
160 4 10
160 41 2
160 198 10
160 469 1
160 618 5
160 675 2
160 718 10
160 790 1
160 846 6
161 135 4
161 158 2
161 257 10
161 639 7
161 683 10
161 910 2
161 924 6
162 87 10
162 153 6
162 462 8
162 480 5
162 494 10
162 589 8
162 674 7
162 750 10
163 29 1
163 145 4
163 326 3
163 380 3
163 464 2
163 640 9
163 744 9
163 746 2
163 811 2
163 881 1
163 999 4
164 47 7
164 118 4
164 200 3
164 209 7
164 455 9
164 576 8
164 649 10
164 689 9
164 700 7
164 745 9
164 761 2
164 942 2
164 1018 8
165 27 7
165 73 1
165 76 5
165 374 6
165 467 9
165 522 3
165 579 8
165 657 1
165 759 9
165 1001 2
166 111 3
166 146 10
166 570 10
166 583 4
166 603 3
166 704 1
166 976 4
167 74 6
167 182 7
167 485 7
167 486 9
167 524 5
167 552 8
167 785 8
167 900 6
167 985 8
168 1 4
168 16 4
168 214 9
168 247 7
168 309 2
168 385 6
168 386 8
168 400 8
168 614 3
168 693 8
168 964 2
168 988 10
168 1002 8
169 166 10
169 167 1
169 196 2
169 623 10
169 643 2
169 787 5
169 919 2
170 542 3
170 665 10
170 730 10
170 761 1
170 802 7
171 118 10
171 131 8
171 285 6
171 446 7
171 638 3
171 659 3
171 721 3
171 963 7
171 977 3
171 983 9
171 1016 10
172 55 10
172 98 6
172 120 9
172 137 3
172 546 5
172 622 10
172 943 4
173 31 4
173 248 10
173 263 7
173 490 6
173 746 1
173 857 8
173 887 2
173 924 4
173 1019 10
173 1023 4
174 133 3
174 181 3
174 194 2
174 277 2
174 299 10
174 305 7
174 409 1
174 738 4
174 806 1
174 825 3
175 36 10
175 61 3
175 224 1
175 302 1
175 676 3
175 891 9
175 925 9
175 927 7
175 970 5
175 1012 9
176 321 10
176 418 9
176 615 10
176 676 6
176 871 6
177 88 2
177 195 6
177 310 9
177 336 5
177 554 5
177 566 2
177 636 8
177 879 9
177 926 3
178 206 1
178 234 10
178 318 1
178 626 1
178 663 4
178 692 1
178 697 5
178 871 3
179 76 6
179 115 6
179 117 6
179 208 8
179 233 6
179 302 4
179 335 6
179 670 10
179 682 4
179 879 7
180 108 10
180 222 5
180 358 3
180 841 5
181 281 6
181 467 8
181 581 6
181 759 1
181 927 4
182 538 7
182 886 10
183 968 5
184 86 2
184 164 2
184 492 4
184 787 2
184 832 5
184 857 7
184 920 5
185 17 9
185 79 2
185 96 10
185 185 6
185 293 7
185 311 9
185 413 3
185 546 10
185 724 4
185 766 5
185 937 6
185 959 2
186 202 4
186 355 10
186 359 4
186 459 1
186 588 8
186 660 3
186 780 6
186 808 8
186 965 9
186 992 4
187 132 9
187 326 3
187 653 5
187 748 2
187 907 8
188 207 9
188 340 6
188 366 5
188 407 3
188 563 5
188 660 6
188 713 2
188 781 10
188 789 2
188 816 2
188 831 5
188 860 3
188 960 7
189 68 9
189 109 8
189 339 8
189 546 2
189 740 10
189 998 4
190 43 2
190 128 7
190 130 8
190 135 9
190 416 6
190 566 8
190 619 3
190 841 6
190 863 2
190 1016 7
191 3 7
191 201 10
191 354 7
191 758 3
191 844 4
191 937 9
191 966 9
192 5 9
192 197 2
192 238 10
192 478 2
192 523 3
192 586 4
192 617 4
193 101 1
193 289 2
193 524 2
193 573 9
193 635 6
193 813 3
193 816 2
193 848 9
194 52 9
194 69 1
194 268 8
194 491 6
194 510 9
194 512 10
194 581 1
194 644 10
194 671 8
194 922 7
194 988 9
195 147 5
195 381 1
195 461 2
195 756 5
196 32 9
196 144 2
196 158 7
196 269 1
196 403 3
196 453 1
196 555 4
196 621 7
196 729 2
196 778 8
196 864 10
197 124 2
197 201 3
197 230 2
197 317 5
197 428 1
197 745 2
197 883 5
197 907 8
197 1018 7
198 64 3
198 644 9
199 16 7
199 160 3
199 284 9
199 366 5
199 743 1
199 756 5
199 846 8
200 12 5
200 107 9
200 132 6
200 186 6
200 248 7
200 410 8
200 658 9
200 698 10
200 728 2
200 778 7
200 798 1
200 904 1
201 138 6
201 353 4
201 509 3
201 524 9
201 617 8
201 835 3
201 1001 10
202 291 2
202 417 3
202 585 8
202 666 5
202 766 3
203 256 6
203 308 9
203 473 1
203 623 10
203 687 9
203 727 7
203 975 9
204 220 3
204 296 6
204 420 7
204 435 1
204 525 4
204 916 4
205 262 1
205 271 3
205 349 7
205 399 7
205 939 5
206 183 7
206 297 4
206 311 8
206 500 9
206 539 2
206 554 5
206 618 4
206 696 3
206 743 7
206 797 6
206 926 2
206 934 3
207 157 8
207 418 7
207 597 1
208 93 1
208 105 8
208 119 1
208 148 7
208 273 7
208 318 6
208 322 4
208 346 3
208 481 6
208 692 8
208 947 6
209 140 8
209 328 10
209 451 3
209 483 4
209 507 7
209 632 1
209 679 9
209 747 4
209 812 10
209 960 2
210 114 9
210 151 3
210 259 4
210 709 7
210 721 10
210 736 5
210 748 1
211 43 9
211 53 3
211 145 1
211 239 9
211 305 10
211 449 1
211 568 6
211 606 6
211 622 8
211 756 1
211 759 10
211 778 3
212 510 8
212 514 6
212 553 10
212 704 10
212 948 10
212 1020 5
213 475 6
213 504 2
213 522 3
213 614 9
213 921 1
214 215 4
214 365 9
214 496 5
214 527 9
214 528 7
214 660 6
214 939 5
215 242 7
215 554 5
215 587 7
215 633 9
215 657 5
215 901 7
215 989 2
215 993 2
216 114 4
216 206 9
216 281 3
216 483 4
217 11 4
217 104 10
217 130 1
217 348 5
217 525 9
217 534 2
217 560 10
217 569 4
217 737 3
217 747 4
217 945 5
218 187 6
218 556 8
218 711 5
218 748 2
218 791 8
218 911 2
218 945 8
219 50 3
219 147 10
219 161 4
219 231 1
219 434 9
219 524 8
219 969 9
219 978 10
220 20 10
220 122 3
220 147 10
220 500 2
220 614 8
220 645 3
220 732 3
220 843 10
220 927 8
221 404 4
221 544 3
221 597 9
221 706 9
221 776 7
221 903 2
221 906 3
222 33 2
222 182 1
222 284 8
222 325 6
222 499 1
222 590 1
222 783 5
223 245 3
223 341 10
223 372 8
223 375 3
223 525 10
223 649 7
223 780 4
223 806 9
223 956 8
224 27 6
224 104 1
224 233 1
224 368 5
224 459 3
224 510 4
224 735 6
224 901 2
224 958 7
224 1012 8
225 6 2
225 41 5
225 68 4
225 429 6
225 697 10
225 710 8
225 923 6
225 966 9
225 997 3
226 50 6
226 209 9
226 390 7
226 485 10
226 624 10
226 632 6
226 714 5
227 240 10
227 386 2
227 482 8
227 570 10
227 645 10
227 662 5
227 666 10
228 40 10
228 126 1
228 677 5
228 682 3
228 969 6
228 1010 6
229 59 1
229 191 3
229 276 10
229 448 8
229 500 8
229 704 5
230 15 9
230 66 5
230 68 10
230 91 7
230 218 7
230 300 8
230 560 7
230 699 5
231 39 9
231 259 6
231 351 10
231 427 5
231 688 5
231 815 2
231 947 4
231 1013 5
232 9 1
232 18 10
232 134 6
232 394 2
232 604 10
232 750 10
232 764 7
232 888 5
233 59 8
233 116 7
233 373 7
233 930 7
233 984 6
234 80 7
234 151 1
234 542 4
234 680 1
234 910 2
234 989 10
235 165 10
235 212 1
235 348 8
235 413 4
235 470 2
235 487 4
235 508 4
235 534 6
235 838 10
235 938 7
235 978 2
236 180 6
236 326 9
236 329 1
236 508 2
236 549 10
236 590 1
236 621 3
236 663 6
236 836 5
236 896 10
236 961 5
237 81 4
237 89 8
237 201 10
237 247 10
237 250 8
237 269 6
237 283 2
238 231 2
238 349 7
238 429 1
238 493 2
238 531 5
238 596 7
238 639 3
238 937 10
238 963 10
239 73 1
239 192 9
239 217 8
239 493 2
239 525 7
239 572 6
239 585 4
239 688 10
239 712 7
239 809 4
240 283 2
240 633 5
240 753 1
240 803 4
240 988 1
241 9 6
241 54 1
241 123 2
241 242 5
241 379 1
241 557 7
241 561 8
241 590 2
241 880 4
241 961 9
242 64 5
242 196 8
242 239 5
242 267 10
242 301 9
242 475 6
242 671 2
242 923 9
243 140 5
243 165 5
243 195 5
243 311 2
243 377 8
243 381 4
243 527 8
243 543 2
243 692 8
243 719 4
243 762 2
243 800 1
243 817 4
244 293 7
244 350 3
244 365 8
244 747 3
244 990 3
245 2 4
245 27 10
245 217 6
245 227 9
245 238 10
245 335 3
245 651 8
245 683 6
245 701 2
245 917 6
246 10 3
246 245 5
246 302 5
246 330 7
246 466 9
246 574 9
246 617 8
246 980 6
246 986 5
247 254 8
247 298 7
247 621 2
247 622 1
247 785 10
247 786 4
247 810 7
247 881 8
247 905 8
247 1021 4
248 28 2
248 249 3
248 286 9
248 720 4
248 890 8
248 898 8
249 494 3
249 521 2
249 602 5
249 790 1
249 807 5
250 22 1
250 158 3
250 321 9
250 514 5
250 567 10
250 787 7
250 789 5
250 878 7
250 1019 3
251 6 1
251 27 6
251 131 1
251 288 2
251 311 7
251 422 3
251 564 7
251 585 5
251 680 10
251 769 5
251 1008 8
252 282 2
252 338 9
252 481 6
252 500 5
252 508 6
252 602 3
252 672 9
252 673 10
252 704 10
252 825 9
253 165 4
253 166 10
253 232 4
253 602 3
253 817 6
254 70 3
254 92 9
254 248 10
254 310 1
254 647 3
254 674 1
255 233 7
255 362 4
255 460 4
255 522 5
255 599 6
255 640 3
255 658 9
255 671 7
255 840 9
255 984 8
256 56 8
256 149 7
256 266 5
256 279 4
256 322 4
256 389 10
256 392 5
256 503 3
256 779 9
257 331 5
257 625 7
257 755 8
258 209 8
258 368 9
258 369 5
258 408 2
258 425 9
258 536 6
258 849 5
258 882 2
258 955 6
259 54 3
259 56 5
259 347 2
259 421 7
259 769 2
259 879 6
260 102 7
260 113 8
260 134 4
260 213 6
260 378 8
260 442 2
260 580 10
260 601 3
260 790 5
260 820 9
261 364 9
261 485 10
261 528 9
261 594 4
261 711 6
261 828 8
261 853 3
261 858 6
262 150 2
262 296 7
262 348 4
262 378 8
262 496 1
262 507 5
262 592 5
262 596 5
262 650 1
262 869 8
262 908 3
263 403 4
263 405 3
263 446 9
263 447 2
263 454 6
263 567 6
263 790 1
264 124 9
264 383 5
264 549 5
264 659 4
264 720 6
264 757 4
264 779 5
264 942 6
264 1001 9
265 4 10
265 30 4
265 176 1
265 389 7
265 797 5
265 807 7
266 322 10
266 375 4
266 468 9
266 604 7
266 670 9
266 690 3
266 736 9
267 86 6
267 177 5
267 206 3
267 216 9
267 275 5
267 394 6
267 428 6
267 511 10
267 523 8
267 560 7
267 713 7
268 420 2
268 480 10
268 515 4
268 665 7
268 951 6
269 4 9
269 111 5
269 224 5
269 356 4
269 470 8
269 641 3
269 804 1
270 24 4
270 98 4
270 208 4
270 262 5
270 380 2
270 594 4
270 855 9
270 970 1
270 975 10
270 997 6
271 148 5
271 192 10
271 294 2
271 321 2
271 373 7
271 395 4
271 427 1
271 608 3
271 779 2
271 979 2
272 203 4
272 229 5
272 495 1
272 575 9
272 668 5
272 751 5
273 121 5
273 219 1
273 357 2
273 464 7
273 494 1
273 582 8
273 702 1
273 793 6
273 952 4
274 31 2
274 115 10
274 143 2
274 200 4
274 324 9
274 349 7
274 360 8
274 533 10
274 692 1
274 730 1
274 996 8
275 13 4
275 165 1
275 216 1
275 331 5
275 422 5
275 740 6
275 887 1
275 927 5
276 175 5
276 419 7
276 715 1
276 819 9
276 1001 7
276 1002 3
277 2 8
277 15 7
277 67 2
277 138 8
277 230 3
277 875 5
277 878 1
277 908 4
277 909 6
277 1021 5
278 44 4
278 141 5
278 316 4
278 418 3
278 447 5
278 683 7
278 738 10
278 761 10
279 170 7
279 182 2
279 369 4
279 484 1
279 645 8
279 690 4
279 852 7
279 910 4
279 955 2
280 94 8
280 336 2
280 429 9
280 525 2
280 573 1
280 672 7
280 807 3
280 826 10
280 999 1
281 251 7
281 379 1
281 428 4
281 552 4
281 659 7
281 746 7
281 838 8
281 877 2
282 214 1
282 347 4
282 500 8
282 556 3
282 836 3
282 902 5
282 906 4
282 988 8
283 100 7
283 137 3
283 257 3
283 304 4
283 397 6
283 538 5
283 612 3
283 660 10
283 778 3
283 811 4
283 847 10
283 961 1
284 59 6
284 259 10
284 365 2
284 394 2
284 431 2
284 611 7
284 635 5
284 735 8
285 118 6
285 154 5
285 183 9
285 191 6
285 418 8
285 878 7
285 972 10
286 26 3
286 71 3
286 291 6
286 325 10
286 417 1
286 530 8
286 555 5
286 669 6
286 673 6
287 577 9
288 31 8
288 281 5
288 479 3
288 768 1
288 826 4
288 896 3
288 945 8
288 991 5
289 77 6
289 151 1
289 370 6
289 701 3
289 738 6
289 751 3
289 824 10
289 870 2
289 1006 4
290 112 5
290 119 1
290 197 2
290 455 5
290 480 5
291 186 6
291 323 10
291 360 7
291 401 6
291 413 9
291 628 1
292 155 2
292 253 4
292 284 9
292 371 9
292 533 8
292 562 3
292 570 2
292 624 4
292 657 7
292 788 9
292 798 10
293 24 3
293 48 2
293 123 6
293 241 7
293 292 9
293 595 10
293 637 6
293 798 10
294 203 3
294 205 2
294 322 2
294 453 6
294 597 8
294 771 7
294 811 1
294 834 9
295 114 3
295 171 7
295 302 8
295 386 3
295 396 8
295 443 3
295 472 3
295 544 8
295 578 3
295 802 5
295 808 1
295 810 8
296 177 3
296 233 10
296 240 7
296 482 5
296 604 3
296 637 2
296 848 3
296 900 1
296 905 4
297 228 10
297 440 10
297 502 8
297 539 4
297 581 1
297 791 4
298 27 3
298 49 7
298 55 4
298 554 2
298 794 1
299 41 2
299 318 1
299 373 3
299 492 9
299 760 3
299 764 5
299 787 9
299 922 7
300 2 1
300 80 9
300 283 4
300 312 4
300 318 10
300 339 3
300 394 10
300 664 2
300 816 6
301 152 5
301 367 2
301 388 9
301 465 6
301 632 3
301 672 7
301 675 9
301 694 4
301 992 2
302 152 4
302 174 2
302 314 5
302 397 5
302 439 3
302 460 9
302 486 7
302 549 7
302 676 9
302 784 9
302 1015 4
303 13 7
303 175 8
303 209 4
303 752 6
304 350 3
304 437 9
304 449 7
304 542 5
304 616 9
304 687 9
304 768 1
305 12 5
305 161 2
305 249 9
305 272 10
305 304 5
305 310 7
305 378 1
305 615 10
305 1019 8
306 72 4
306 261 3
306 291 5
306 343 10
306 560 5
306 711 3
306 804 6
306 818 2
307 59 1
307 163 6
307 255 5
307 373 10
307 690 3
307 821 10
307 948 7
308 309 6
308 357 9
308 515 3
308 772 2
308 882 9
309 72 3
309 84 2
309 137 5
309 179 7
309 250 3
309 386 4
309 416 3
309 446 9
309 459 6
309 751 2
309 786 9
310 616 1
310 691 4
311 241 5
311 292 10
311 347 1
311 466 9
311 714 7
311 823 4
312 31 9
312 74 3
312 99 10
312 325 10
312 380 7
312 613 9
313 39 6
313 355 2
313 515 9
313 757 1
313 784 4
313 939 9
314 33 5
314 273 7
314 521 3
314 756 1
314 798 9
314 842 9
314 895 3
314 930 10
315 186 6
315 296 6
315 331 10
315 350 7
315 375 2
315 560 4
315 572 8
315 592 4
315 623 2
315 762 5
315 763 7
315 861 2
316 152 7
316 154 8
316 170 2
316 340 3
316 552 8
316 650 9
316 682 7
316 710 7
316 733 9
316 798 2
317 70 7
317 72 6
317 96 8
317 185 2
317 251 6
317 662 9
318 191 10
318 240 1
318 247 8
318 270 5
318 763 6
318 771 7
318 796 3
318 863 9
319 251 2
319 965 1
319 982 2
320 35 3
320 212 7
320 439 10
320 470 6
320 558 3
320 570 7
320 625 7
320 709 7
320 751 5
320 786 8
320 938 5
321 49 3
321 77 8
321 92 6
321 213 9
321 260 3
321 800 6
321 808 10
321 1014 9
321 1019 4
322 416 1
322 460 1
322 461 3
322 598 8
322 780 8
322 894 1
323 47 10
323 73 7
323 215 2
323 245 2
323 296 10
323 323 4
323 534 8
323 831 10
323 899 9
324 81 2
324 280 6
324 433 8
324 675 1
324 682 10
324 776 5
324 830 5
324 885 2
325 67 2
325 187 1
325 207 3
325 237 5
325 475 8
325 893 4
325 1019 5
326 32 1
326 41 5
326 224 7
326 340 5
326 364 2
326 641 4
326 670 5
326 896 3
326 961 2
327 199 6
327 529 7
327 692 2
327 720 1
327 945 6
328 58 1
328 480 9
328 541 8
328 581 6
328 705 8
328 810 8
328 859 8
328 879 4
328 1018 4
329 89 1
329 255 6
329 402 6
329 471 3
329 505 2
329 585 3
329 707 7
329 756 8
330 111 5
330 875 1
331 18 4
331 22 9
331 46 4
331 152 7
331 270 3
331 342 8
331 931 9
332 125 10
332 191 6
332 401 10
332 694 10
332 704 2
332 783 2
332 825 1
332 843 9
332 899 9
332 939 8
332 945 8
333 17 6
333 95 2
333 170 1
333 245 7
333 264 9
333 327 7
333 434 9
333 472 2
333 615 1
333 966 7
333 1003 9
334 120 6
334 238 9
334 613 4
334 786 6
335 136 2
335 619 10
335 652 9
335 665 2
335 720 10
336 469 10
336 500 7
336 742 1
336 993 10
337 350 8
337 437 4
337 669 10
337 713 8
337 809 3
337 843 9
337 904 7
337 920 8
337 1018 10
338 94 8
338 159 4
338 246 10
338 312 6
338 363 5
338 461 1
338 721 6
338 745 3
338 782 1
338 784 3
339 17 2
339 70 4
339 183 9
339 191 5
339 234 6
339 373 9
339 477 6
339 655 7
339 731 8
340 33 5
340 74 8
340 158 9
340 188 4
340 365 1
340 559 10
340 634 2
340 654 3
340 685 9
341 102 8
341 138 3
341 322 10
341 341 7
341 615 8
341 624 10
341 675 4
341 815 4
341 877 2
342 143 2
342 162 7
342 223 3
342 262 4
342 402 8
342 693 8
342 845 4
342 980 2
343 8 3
343 84 2
343 198 10
343 403 10
343 528 2
343 593 4
343 798 9
343 887 10
343 1023 7
344 197 1
344 343 10
344 774 10
345 595 6
345 727 10
345 847 10
345 867 10
346 27 9
346 110 8
346 275 7
346 291 10
346 412 4
346 562 1
346 731 2
346 902 5
346 967 7
346 973 6
346 1005 10
346 1009 6
347 16 3
347 228 4
347 341 7
347 492 8
347 495 7
347 534 8
347 567 9
347 745 8
347 750 3
347 943 7
348 377 10
348 497 2
348 555 9
348 719 1
348 874 1
348 939 6
349 22 10
349 189 2
349 275 5
349 441 10
349 541 10
349 553 4
350 112 10
350 346 3
350 355 4
350 395 3
350 552 9
350 598 2
350 880 8
350 990 8
351 128 9
351 129 2
351 157 3
351 205 7
351 568 9
351 668 10
351 735 5
351 935 7
352 154 9
352 221 7
352 331 5
352 397 8
352 428 8
352 826 6
353 56 8
353 127 1
353 169 1
353 203 9
353 264 2
353 858 8
353 997 9
353 1005 3
354 81 1
354 142 8
354 179 5
354 198 6
354 229 10
354 332 5
354 596 7
354 679 7
354 695 3
354 870 5
355 26 10
355 30 7
355 433 1
355 931 9
356 182 6
356 237 7
356 268 5
356 583 5
356 586 4
356 747 2
357 6 4
357 209 3
357 497 7
357 512 2
357 518 3
357 884 7
358 43 10
358 284 7
358 317 4
358 570 8
358 589 9
358 707 4
358 780 7
358 936 6
358 962 9
358 1010 6
359 73 10
359 175 7
359 228 4
359 726 4
359 735 3
359 791 4
360 185 1
360 208 6
360 304 4
360 356 6
360 367 2
360 512 8
360 610 2
360 673 7
360 758 1
360 942 6
361 116 2
361 157 7
361 346 9
361 366 4
361 393 4
361 418 10
361 632 2
361 673 9
361 822 10
361 867 1
362 152 5
362 389 6
362 544 8
362 904 5
363 191 4
363 491 7
363 495 2
363 524 9
363 554 1
363 609 6
363 944 4
364 125 3
364 240 1
364 324 7
364 367 10
364 468 5
364 527 7
364 629 2
364 681 1
364 712 7
364 889 9
364 957 2
364 1004 4
365 23 9
365 45 8
365 197 9
365 418 8
365 489 1
365 556 9
365 653 7
366 275 1
366 356 3
366 449 5
366 485 8
366 616 8
366 886 8
366 896 7
366 1016 1
367 29 6
367 103 9
367 183 6
367 260 10
367 419 1
367 621 9
367 701 8
367 712 2
368 52 3
368 116 4
368 842 5
368 916 5
368 988 3
369 6 3
369 325 9
370 315 6
370 526 1
370 559 8
370 612 6
370 874 1
370 1012 8
371 25 4
371 63 9
371 162 9
371 173 7
371 348 3
371 488 8
371 561 6
371 577 10
371 632 6
371 657 6
371 798 8
371 884 4
371 886 3
372 8 9
372 28 6
372 50 1
372 125 6
372 563 10
372 565 5
372 871 2
372 885 4
372 982 10
373 2 4
373 25 9
373 124 8
373 377 9
373 409 1
373 416 7
373 550 6
373 593 1
373 614 4
373 667 9
373 672 10
373 753 4
373 763 7
374 5 2
374 160 2
374 590 4
374 775 4
374 1009 9
375 79 1
375 444 1
375 692 5
376 8 4
376 88 9
376 91 2
376 290 6
376 509 6
376 666 1
376 865 3
376 933 7
376 978 5
377 50 2
377 81 10
377 93 5
377 170 1
377 195 10
377 388 5
377 430 7
377 543 7
377 557 6
377 792 10
377 887 6
377 952 7
377 1001 4
378 128 4
378 130 10
378 223 7
378 666 8
378 781 3
378 784 7
378 804 10
378 816 5
378 844 1
378 972 3
379 297 5
379 339 3
379 702 1
379 910 1
380 78 5
380 153 3
380 216 9
380 269 1
380 385 6
380 489 1
380 635 5
380 897 6
381 5 2
381 49 10
381 58 4
381 284 9
381 288 7
381 392 5
381 563 6
381 632 5
381 810 10
381 891 1
382 18 4
382 63 8
382 169 10
382 358 9
382 453 5
382 517 10
382 592 3
382 871 7
382 977 4
383 16 10
383 218 1
383 245 4
383 269 2
383 313 6
383 510 8
383 594 10
383 972 6
384 326 3
384 361 2
384 424 1
384 605 10
384 684 6
384 739 2
384 850 5
384 1002 4
385 45 8
385 64 10
385 583 1
385 902 2
386 430 1
386 650 3
386 674 7
386 924 9
386 932 3
387 28 5
387 143 5
387 345 2
387 594 8
387 705 1
387 711 7
387 720 7
387 800 2
387 869 1
387 1008 10
388 113 7
388 147 10
388 233 9
388 392 4
388 415 3
388 823 3
388 930 4
389 111 4
389 137 8
389 195 7
389 444 9
389 466 3
389 500 4
389 755 10
389 770 3
390 306 7
390 613 10
390 873 7
391 382 4
391 773 8
391 905 9
392 171 8
392 348 4
392 555 2
392 592 7
392 823 5
392 850 9
393 465 5
393 479 6
393 483 1
393 617 4
393 728 4
393 776 2
393 883 5
394 7 7
394 50 4
394 269 7
394 351 3
394 480 10
394 612 6
394 713 9
394 736 10
394 897 8
395 291 5
395 359 9
395 366 2
395 610 1
395 624 8
396 19 8
396 38 4
396 76 8
396 215 9
396 230 4
396 625 1
396 893 10
397 51 10
397 58 7
397 123 10
397 141 5
397 162 4
397 695 2
397 701 10
397 793 7
398 130 4
398 141 4
398 358 6
398 532 9
398 592 2
398 637 10
398 728 8
398 735 7
399 16 8
399 91 7
399 241 4
399 358 4
399 385 5
399 573 5
399 635 5
399 702 5
399 919 5
400 16 10
400 34 4
400 218 3
400 363 3
400 485 4
400 532 4
400 700 5
400 781 3
400 829 4
400 848 1
400 892 6
400 929 5
401 3 10
401 201 3
401 908 8
402 57 6
402 154 10
402 254 7
402 311 7
402 497 9
402 536 6
402 999 4
403 547 8
403 579 3
403 681 9
403 737 2
403 895 9
403 956 6
404 70 6
404 89 5
404 105 10
404 460 7
404 731 8
404 736 2
405 249 10
405 757 4
405 835 5
405 930 6
405 966 6
405 984 10
406 13 6
406 273 1
406 339 5
406 386 5
406 543 5
406 549 4
406 553 2
406 731 4
406 802 2
406 909 9
406 960 4
407 95 8
407 220 4
407 329 2
407 517 2
408 39 2
408 143 3
408 327 2
408 493 7
408 559 10
408 643 7
408 927 6
409 201 8
409 253 6
409 275 9
409 681 7
409 714 9
409 1011 6
410 30 2
410 74 6
410 162 5
410 244 9
410 290 9
410 696 1
410 826 4
411 97 3
411 269 5
411 309 5
411 347 9
411 678 8
412 3 5
412 206 4
412 232 5
412 252 8
412 562 5
412 599 8
412 716 2
412 773 9
412 779 10
413 50 8
413 207 10
413 261 8
413 302 6
413 379 8
413 438 3
413 476 6
413 516 6
413 740 4
413 777 1
413 882 10
413 946 9
413 1004 6
413 1013 8
414 66 7
414 100 8
414 237 3
414 385 2
414 407 2
414 457 10
414 497 2
414 544 2
414 675 4
415 26 5
415 735 6
415 753 4
415 878 10
415 928 6
416 441 5
416 892 10
416 978 7
417 228 2
417 426 10
417 523 6
417 568 9
417 802 9
418 534 8
418 950 5
418 992 4
419 6 3
419 301 7
419 333 5
419 378 2
419 556 2
419 731 3
419 738 10
419 742 2
420 138 7
420 386 1
420 678 5
420 689 6
420 763 2
420 1015 6
421 55 2
421 116 9
421 171 4
421 306 5
421 589 8
421 641 9
421 794 1
421 866 9
421 902 7
421 975 4
422 7 10
422 63 2
422 130 3
422 269 8
422 453 9
422 614 9
422 704 4
422 743 2
422 882 5
422 906 8
423 11 5
423 71 9
423 206 2
423 212 4
423 270 10
423 542 9
423 684 7
423 704 4
423 738 6
423 786 10
423 809 10
424 140 7
424 234 8
424 318 3
424 363 3
424 372 7
424 416 3
424 606 3
424 626 6
424 859 9
425 111 7
425 128 5
425 174 2
425 406 1
425 489 5
425 542 10
425 628 9
425 927 8
426 33 3
426 102 5
426 160 7
426 237 9
426 346 3
426 491 1
426 659 5
426 701 2
426 985 1
427 30 1
427 126 8
427 271 6
427 294 10
427 552 9
427 592 5
427 690 8
427 719 3
427 729 7
427 814 4
428 656 5
428 710 2
428 791 1
429 110 5
429 168 10
429 291 8
429 315 6
429 467 2
429 759 2
430 78 7
430 573 10
430 601 1
430 642 2
430 738 4
430 926 9
430 953 2
431 109 9
431 186 9
431 305 6
431 620 10
431 822 9
431 885 6
431 977 9
431 1011 7
432 136 8
432 283 7
432 460 1
432 464 7
432 682 9
433 30 9
433 306 2
433 571 3
433 649 10
433 658 3
433 697 9
433 806 9
433 874 10
433 972 6
434 126 10
434 450 3
434 479 3
434 518 1
434 782 5
434 822 6
435 76 7
435 113 3
435 173 7
435 310 5
435 506 4
435 515 3
435 619 6
435 661 2
435 877 10
435 950 5
436 9 10
436 110 7
436 226 1
436 351 10
436 353 5
436 447 10
436 641 9
436 787 7
436 936 4
437 111 8
437 129 1
437 169 5
437 229 9
437 589 2
437 600 10
437 684 10
437 746 4
437 877 2
437 880 3
438 51 8
438 333 7
438 698 1
438 794 2
438 861 6
439 167 5
439 258 5
439 784 8
439 817 2
440 1 9
440 6 7
440 253 6
440 370 8
440 514 6
440 810 9
440 901 8
440 1005 10
440 1009 10
441 132 8
441 213 8
441 361 3
441 382 5
441 477 8
441 580 7
441 717 5
441 858 9
441 928 9
441 997 7
442 29 4
442 292 10
442 340 9
442 429 3
442 497 9
442 732 9
442 878 7
442 916 4
442 996 5
443 274 1
443 281 3
443 349 6
443 379 9
443 628 1
443 715 4
443 774 9
443 884 6
443 967 2
444 25 6
444 273 8
444 588 3
444 641 5
444 944 5
445 6 7
445 120 9
445 170 5
445 183 4
445 262 6
445 373 5
445 389 4
445 704 4
445 724 9
445 784 3
445 987 4
446 19 3
446 29 3
446 80 2
446 116 9
446 155 8
446 166 8
446 522 2
446 630 10
446 743 5
446 814 10
446 859 1
446 903 10
447 85 10
447 168 8
447 493 3
447 821 7
448 130 5
448 141 5
448 351 1
448 399 2
448 564 2
448 659 2
448 784 6
448 981 7
449 23 7
449 143 10
449 148 10
449 273 2
449 414 10
449 544 4
449 728 5
449 737 3
449 804 7
449 914 8
449 936 3
449 1009 6
450 347 5
450 385 4
450 485 6
450 706 1
450 725 6
450 949 8
451 226 1
451 371 5
451 485 7
451 558 3
451 939 2
452 199 2
452 214 8
452 456 4
452 762 3
452 871 1
452 996 5
452 999 10
453 51 7
453 80 3
453 137 9
453 440 6
453 538 4
453 662 1
453 711 9
453 775 8
453 824 3
453 838 7
453 881 5
454 91 7
454 157 3
454 405 1
454 416 3
454 474 10
454 858 2
455 163 8
455 251 9
455 303 2
455 347 4
455 409 5
455 540 6
455 643 7
455 768 8
455 873 5
455 906 1
456 130 2
456 247 5
456 471 5
456 553 1
457 41 1
457 82 8
457 118 2
457 123 8
457 126 3
457 828 2
458 147 9
458 163 1
458 266 6
458 427 5
458 429 7
458 451 2
458 470 9
458 528 8
458 553 4
458 879 10
458 986 9
459 85 3
459 151 10
459 234 2
459 393 7
459 621 5
459 655 9
459 730 3
459 841 2
459 913 4
459 942 5
460 37 4
460 515 8
460 641 10
460 690 6
460 778 9
460 840 9
460 860 7
460 891 6
460 989 3
461 118 8
461 277 4
461 436 3
461 628 3
461 982 1
462 74 10
462 126 7
462 167 1
462 246 9
462 275 2
462 473 3
462 809 9
462 1016 5
463 112 2
463 167 2
463 339 1
463 379 6
463 760 10
464 31 5
464 208 10
464 596 3
465 132 10
465 136 5
465 251 1
465 480 1
465 907 10
465 934 1
466 17 1
466 69 9
466 283 8
466 492 3
466 545 8
466 561 4
466 770 8
466 940 1
466 955 4
467 172 9
467 207 9
467 232 6
467 389 7
467 626 10
467 719 8
467 895 7
467 926 4
467 937 10
468 73 8
468 295 6
468 365 7
468 582 7
468 914 3
468 934 6
469 456 2
469 525 4
469 553 2
469 633 4
469 667 4
469 783 4
469 973 4
470 195 6
470 235 2
470 407 3
470 419 10
470 611 9
470 946 6
471 101 9
471 129 1
471 174 1
471 281 7
471 409 1
471 642 7
471 736 5
471 738 1
471 897 4
471 922 1
472 80 6
472 96 3
472 216 8
472 221 2
472 447 2
472 541 7
472 564 4
472 746 7
472 808 8
472 819 7
473 138 1
473 227 3
473 593 2
473 770 4
473 874 6
473 973 9
474 92 7
474 200 10
474 563 10
474 610 7
474 795 6
474 814 9
474 928 10
474 1021 6
475 35 7
475 109 10
475 149 4
475 150 4
475 213 10
475 277 8
475 281 6
475 452 6
475 528 2
475 646 4
475 722 9
475 730 3
475 742 2
475 752 2
475 824 2
475 889 1
476 43 10
476 125 4
476 245 3
476 482 3
476 621 7
476 696 10
476 794 1
476 875 5
476 1015 9
476 1020 10
477 145 1
477 266 6
477 278 10
477 364 2
477 717 2
477 740 7
477 895 2
477 1024 5
478 270 2
478 487 1
478 557 4
478 578 7
478 909 8
478 1004 8
479 104 2
479 657 6
479 702 2
479 922 3
479 930 9
479 949 3
479 1013 5
480 51 8
480 128 8
480 145 7
480 258 10
480 367 4
480 371 8
480 383 2
480 458 10
480 588 7
480 748 2
480 1008 3
481 144 2
481 305 3
481 373 4
481 641 5
481 740 1
481 810 5
481 1004 2
481 1020 2
482 84 8
482 326 7
482 328 9
482 369 5
482 643 4
482 792 10
482 852 1
482 1004 6
483 91 5
483 111 9
483 131 10
483 364 1
483 498 9
483 864 8
483 967 8
484 95 8
484 165 3
484 279 5
484 322 10
484 528 3
484 791 3
484 801 3
484 985 5
484 997 7
485 23 5
485 423 10
485 473 1
485 476 8
485 504 5
485 810 4
485 829 9
485 906 2
485 910 1
485 952 9
485 984 8
485 1010 4
486 87 1
486 267 10
486 489 1
486 624 7
486 747 1
486 778 1
486 984 7
487 40 9
487 232 10
487 454 6
487 803 8
487 883 2
487 983 3
488 8 9
488 19 6
488 76 5
488 80 3
488 164 2
488 270 3
488 282 10
488 347 2
488 378 6
488 703 7
488 818 6
488 819 9
488 878 7
489 10 9
489 380 1
489 575 6
489 830 8
490 242 5
490 336 6
490 405 8
490 705 7
490 839 4
491 5 8
491 16 9
491 20 10
491 56 8
491 133 8
491 251 6
491 318 7
491 392 10
491 415 8
491 522 6
491 719 7
491 836 4
491 898 8
491 922 9
492 557 7
492 600 7
492 1014 10
492 1016 2
493 422 5
493 524 7
493 619 2
493 681 2
493 696 5
493 712 3
493 973 7
494 98 4
494 194 9
494 510 4
494 657 1
494 751 5
494 925 7
494 947 10
495 49 4
495 417 8
495 462 7
495 464 3
495 616 3
495 722 6
496 39 2
496 147 2
496 350 1
496 599 1
496 642 6
496 709 10
496 721 9
496 806 4
496 943 9
496 948 8
497 89 7
497 406 3
497 409 6
497 536 10
497 585 4
498 768 10
498 794 2
498 853 2
498 900 3
499 197 2
499 400 7
500 22 6
500 500 9
500 877 5
500 911 5
501 167 2
501 689 3
501 695 4
501 735 4
502 117 7
502 125 9
502 551 8
502 691 1
503 215 1
503 343 10
503 376 6
503 402 2
503 571 8
503 687 1
503 730 10
503 856 7
504 55 9
504 216 3
504 250 2
504 317 8
504 333 8
504 396 3
504 492 2
504 755 2
504 787 7
505 26 3
505 41 8
505 249 2
505 386 1
505 888 5
505 947 9
505 1004 4
506 9 7
506 64 4
506 292 10
506 593 5
506 681 4
506 702 9
506 799 5
506 807 4
506 844 8
506 886 2
507 25 5
507 153 5
507 163 2
507 211 7
507 228 1
507 474 10
507 774 1
508 33 2
508 156 10
508 285 8
508 293 6
508 430 1
508 579 1
508 821 2
508 893 3
509 364 1
509 400 4
509 626 6
509 637 5
509 963 4
510 132 9
510 215 1
510 305 7
510 379 8
510 498 5
510 656 10
510 700 6
510 757 10
510 830 5
510 840 3
510 872 1
511 37 1
511 139 9
511 260 5
511 307 7
511 389 1
511 433 6
511 661 7
511 751 4
511 847 5
511 1015 7
512 54 9
512 248 7
512 524 9
512 865 1
512 904 10
512 914 9
513 11 6
513 12 5
513 237 3
513 494 9
513 562 5
513 629 5
513 645 5
513 761 3
513 989 2
513 1018 6
513 1022 10
514 11 3
514 18 2
514 74 5
514 137 5
514 410 2
514 470 5
514 477 1
514 677 1
514 887 6
514 993 7
515 64 9
515 72 9
515 89 3
515 104 7
515 233 8
515 321 10
515 537 6
515 619 10
515 720 1
515 904 4
516 113 5
516 117 7
516 265 9
516 491 3
516 506 1
516 632 5
516 736 9
516 766 5
516 913 6
516 1016 4
517 245 5
517 324 10
517 373 5
517 520 1
517 574 7
517 584 8
518 32 5
518 198 7
518 250 8
518 504 2
518 656 5
518 852 7
518 859 1
518 954 8
519 73 3
519 367 10
519 395 9
519 684 8
519 803 9
519 831 9
519 953 4
519 978 5
520 22 5
520 165 4
520 481 7
520 686 7
520 816 10
520 855 5
521 10 2
521 30 6
521 159 10
521 363 8
521 632 7
521 710 6
521 806 8
521 881 3
522 84 3
522 126 4
522 312 10
522 510 1
522 515 6
522 528 4
522 627 9
522 666 8
522 866 3
522 887 1
522 970 9
523 269 1
523 308 1
523 350 9
523 604 1
523 648 6
523 790 3
523 913 7
524 28 1
524 250 1
524 411 6
524 460 10
524 487 7
524 567 7
524 570 7
524 571 6
524 795 6
524 809 4
525 100 1
525 122 3
525 452 8
525 714 5
525 745 8
525 747 9
525 771 5
525 897 5
525 1018 5
526 32 5
526 159 2
526 218 7
526 346 8
526 354 10
526 414 10
526 428 10
526 634 8
526 641 2
526 802 5
526 881 2
527 44 1
527 91 7
527 524 2
527 583 6
527 707 6
527 978 8
528 295 2
528 482 5
528 694 3
528 733 7
528 778 10
528 882 5
528 1015 1
529 127 7
529 137 10
529 156 10
529 301 6
529 348 6
529 545 5
529 577 10
529 823 1
530 139 6
530 210 8
530 325 8
530 827 8
530 981 9
531 9 7
531 323 7
531 393 1
531 700 3
531 875 9
531 917 3
531 948 9
531 998 10
531 1016 8
532 36 6
532 110 8
532 164 9
532 387 10
532 576 2
532 635 7
532 744 9
532 776 9
532 818 9
532 910 8
533 77 10
533 195 8
533 298 3
533 323 5
533 383 4
533 436 4
533 637 7
533 664 10
533 817 3
534 221 4
534 235 9
534 426 4
534 492 2
534 557 5
534 853 6
534 857 6
534 965 3
534 976 8
535 36 4
535 59 5
535 80 5
535 88 2
535 112 2
535 291 5
535 474 3
535 591 5
535 873 3
536 149 2
536 299 5
536 385 1
537 64 9
537 66 4
537 314 10
537 414 3
537 430 9
537 463 4
537 552 8
537 617 5
537 652 5
538 46 2
538 146 1
538 149 3
538 386 5
538 487 4
538 569 7
538 571 10
539 58 10
539 147 2
539 275 7
539 312 5
539 465 6
539 548 3
539 574 6
539 576 9
539 643 7
539 675 9
539 748 5
539 877 9
539 927 2
540 30 10
540 92 1
540 237 2
540 615 3
540 852 3
540 885 6
540 903 3
541 114 6
541 175 5
541 225 8
541 300 2
541 589 6
541 657 10
541 660 4
541 729 1
541 835 3
541 878 2
542 260 2
542 298 4
542 461 3
542 494 1
543 62 9
543 308 8
543 634 3
543 745 6
543 841 8
543 931 2
544 11 6
544 65 3
544 149 2
544 292 9
544 319 2
544 401 3
544 628 10
544 800 4
544 835 5
544 992 7
545 22 7
545 96 2
545 133 1
545 154 6
545 570 3
545 608 7
545 665 7
545 678 8
545 685 9
545 718 1
545 859 9
545 952 2
545 981 5
546 100 2
546 198 2
546 425 5
546 485 1
546 638 5
546 650 10
546 684 1
547 10 8
547 98 6
547 638 3
547 791 9
547 792 6
547 919 4
547 1006 3
548 292 8
548 307 9
548 373 9
548 647 4
548 776 7
548 897 10
549 112 5
549 263 4
549 748 4
549 953 3
550 242 10
550 376 1
550 439 1
550 515 1
550 526 2
550 540 2
550 711 5
550 863 5
550 946 6
551 168 9
551 212 7
551 827 2
551 936 10
552 168 7
552 180 9
552 415 7
552 450 9
552 490 7
552 836 3
552 927 4
553 34 10
553 242 10
553 275 5
553 319 8
553 346 3
553 524 3
553 603 10
553 666 9
553 675 7
553 694 5
553 873 1
553 886 6
553 920 6
554 220 3
554 727 8
554 876 7
554 889 7
555 22 4
555 135 3
555 203 2
555 288 4
555 464 9
555 702 3
555 762 4
555 851 6
555 898 1
555 952 2
555 1020 6
556 29 9
556 129 4
556 148 2
556 247 10
556 267 5
556 301 6
556 515 10
556 532 10
556 636 8
556 820 9
556 855 10
556 928 6
556 979 3
557 633 1
557 831 2
558 25 10
558 31 5
558 49 1
558 254 8
558 346 1
558 442 5
558 537 10
558 557 2
558 637 10
558 652 9
558 798 6
558 1023 3
559 47 6
559 60 8
559 77 7
559 83 1
559 124 7
559 224 2
559 270 2
559 401 6
559 682 7
559 890 9
560 4 5
560 11 8
560 77 9
560 374 5
560 548 7
560 621 4
561 314 10
561 422 9
561 704 7
561 760 1
561 805 4
561 887 8
561 935 9
561 979 6
562 425 4
562 428 10
562 442 10
562 662 3
562 745 10
562 1001 5
563 45 8
563 252 5
563 298 3
563 387 6
563 424 8
563 638 1
563 713 7
563 733 1
563 760 8
563 792 5
564 34 10
564 453 5
564 469 2
564 594 8
564 684 9
565 97 1
565 190 3
565 269 8
565 332 1
565 394 10
565 422 1
565 431 4
565 463 9
565 536 9
565 573 2
566 86 4
566 134 8
566 155 1
566 294 8
566 398 10
566 420 7
566 638 5
566 815 4
566 1007 1
567 24 10
567 123 3
567 177 1
567 874 9
567 987 4
567 1015 9
568 3 3
568 94 3
568 123 3
568 136 7
568 148 2
568 167 3
568 180 7
568 190 6
568 553 3
568 578 7
568 694 7
568 942 3
569 271 3
569 413 5
569 649 1
570 3 6
570 18 10
570 199 10
570 580 6
570 592 8
570 625 1
570 632 4
570 927 2
571 101 7
571 205 5
571 388 4
571 443 9
571 725 5
571 1009 2
572 45 2
572 156 5
572 419 6
572 421 6
572 425 9
572 537 2
572 623 9
572 635 2
572 923 10
572 993 5
573 477 4
573 659 9
573 692 1
573 854 8
573 857 3
574 662 8
574 682 10
574 760 8
574 873 7
575 228 1
575 322 5
575 699 6
575 707 2
575 734 8
575 901 10
576 25 8
576 43 2
576 74 3
576 125 6
576 274 9
576 364 6
576 398 10
576 412 3
576 752 1
576 871 5
576 873 2
576 1003 5
577 25 6
577 77 3
577 187 4
577 836 10
577 906 8
577 981 2
577 992 2
578 577 5
578 902 4
579 201 1
579 343 4
579 351 3
579 761 10
579 890 6
580 242 7
580 490 5
580 781 7
580 854 7
581 169 4
581 298 4
581 556 8
581 638 8
581 679 2
581 734 6
581 805 5
581 832 3
581 850 1
582 190 6
582 409 9
582 421 2
582 443 2
582 701 4
582 920 6
582 969 5
583 22 5
583 75 5
583 176 9
583 500 7
583 531 1
583 713 4
583 860 7
583 964 6
583 1002 7
584 158 6
584 302 1
584 322 5
584 552 3
584 857 8
584 896 1
585 100 6
585 124 3
585 194 1
585 248 6
585 306 6
585 348 6
585 406 10
585 412 8
585 445 6
585 711 7
585 995 7
585 1008 9
586 30 8
586 55 10
586 142 6
586 201 3
586 339 5
586 595 10
586 761 3
586 762 3
586 778 10
586 939 6
587 36 1
587 544 5
587 570 4
587 723 9
587 837 8
587 865 9
587 906 1
587 972 5
588 62 1
588 117 8
588 263 9
588 292 1
588 486 3
588 602 5
588 657 9
588 672 3
588 679 4
588 699 6
588 754 9
588 767 10
588 817 5
588 948 7
588 965 2
589 30 2
589 86 1
589 115 8
589 147 2
589 200 3
589 330 2
589 420 3
589 423 8
589 636 2
589 669 10
589 707 4
589 899 10
589 953 7
589 996 4
589 1015 2
590 49 3
590 337 4
590 351 10
590 449 1
590 715 5
590 825 2
590 856 7
590 972 3
591 128 4
591 147 1
591 313 10
591 353 5
591 398 2
591 485 4
591 537 1
591 774 5
591 780 6
591 973 3
591 988 2
592 87 9
592 126 5
592 219 3
592 596 3
592 769 4
592 830 7
593 24 2
593 42 9
593 248 8
593 283 10
593 473 2
593 562 10
593 711 2
593 881 6
594 145 9
594 174 5
594 577 2
594 663 10
594 664 3
594 740 6
594 746 6
594 864 3
594 993 5
595 84 10
595 176 7
595 376 1
595 402 2
595 415 1
595 482 8
595 631 6
595 961 3
596 205 6
596 420 10
596 493 7
596 531 10
596 602 5
596 637 5
596 638 2
596 655 6
596 755 3
597 392 3
597 403 7
597 640 2
597 754 7
597 849 2
597 980 10
598 123 1
598 330 3
598 349 1
598 528 3
598 784 10
598 803 6
598 835 8
598 983 5
599 261 7
599 383 4
599 397 5
599 402 8
599 471 6
599 508 2
599 546 3
600 213 10
600 324 9
600 490 4
600 550 7
600 703 8
600 799 1
601 28 3
601 54 1
601 82 6
601 161 5
601 346 4
601 387 2
601 612 6
601 777 10
602 123 6
602 127 7
602 133 2
602 152 10
602 252 8
602 372 6
602 464 10
602 637 3
602 821 5
602 852 4
602 934 10
603 25 10
603 646 10
603 685 9
603 1022 6
604 87 1
604 138 4
604 341 5
604 410 1
604 667 9
604 922 3
605 22 8
605 46 9
605 168 6
605 362 9
605 608 6
605 612 2
605 687 4
605 781 10
605 868 8
606 23 5
606 55 7
606 165 6
606 235 8
606 556 6
606 648 3
606 862 3
606 976 7
606 993 8
607 92 10
607 114 10
607 245 7
607 436 9
607 451 9
607 476 7
607 568 4
607 592 1
607 705 10
607 776 1
607 850 1
607 930 9
607 963 5
607 972 1
608 294 9
608 350 10
608 359 1
608 414 7
608 932 4
608 1013 6
609 9 6
609 39 1
609 82 10
609 216 2
609 221 8
609 325 7
609 471 9
609 987 1
610 73 1
610 162 6
610 401 8
610 493 10
610 651 7
611 169 6
611 304 9
611 944 8
612 255 4
612 464 4
612 825 8
612 965 4
612 987 6
613 134 1
613 190 4
613 208 1
613 520 3
613 830 4
613 885 10
613 957 3
614 82 10
614 172 3
614 390 8
614 542 7
614 678 5
614 890 9
614 902 10
614 956 5
615 63 5
615 143 9
615 306 5
615 382 5
615 816 4
615 1006 4
616 186 7
616 191 10
616 221 1
616 299 5
616 356 7
616 547 4
616 578 10
616 1020 7
617 58 9
617 270 6
617 340 9
617 534 2
617 735 6
617 829 1
617 950 8
617 1016 7
618 201 5
618 425 7
618 626 2
618 759 4
619 198 4
619 448 8
619 481 2
619 568 3
619 649 2
619 817 8
620 13 3
620 95 8
620 246 2
620 320 6
620 400 1
620 553 10
620 686 8
620 779 3
620 799 4
621 285 6
621 516 7
621 610 6
621 820 4
621 966 5
621 1000 1
622 405 2
622 647 9
622 668 8
622 963 4
622 998 6
623 48 4
623 169 8
623 185 4
623 222 7
623 488 1
623 568 9
623 603 5
623 738 2
623 741 2
623 864 8
623 893 1
623 941 6
624 47 6
624 48 5
624 84 2
624 154 8
624 227 4
624 316 1
624 434 1
624 485 10
624 693 6
624 717 9
624 905 5
624 931 10
625 129 5
625 253 7
625 267 3
625 490 3
625 726 4
625 753 7
625 757 10
625 836 9
625 866 4
625 976 6
626 154 6
626 332 7
626 505 4
626 597 2
626 735 10
626 935 7
626 1004 9
627 23 1
627 172 3
627 196 6
627 378 5
627 439 6
627 456 4
627 710 8
627 792 6
627 861 6
628 104 7
628 114 3
628 545 6
628 644 1
628 664 2
628 856 10
629 18 9
629 103 7
629 270 5
629 286 2
629 450 3
629 766 6
629 863 1
629 992 6
630 127 1
630 322 8
630 508 4
630 700 5
630 734 9
630 779 4
630 924 1
630 931 9
631 291 4
631 413 5
631 431 5
631 453 8
631 483 10
631 494 10
631 539 5
631 555 5
631 848 7
631 866 4
631 913 8
632 32 2
632 779 6
632 850 1
633 264 3
633 283 5
633 498 9
633 936 9
634 240 6
634 386 1
634 415 5
634 460 8
634 591 9
634 688 7
634 775 5
634 826 2
635 123 1
635 267 5
635 439 5
635 508 4
635 691 4
635 801 8
636 62 8
636 213 10
636 464 7
636 677 8
637 113 9
637 153 2
637 155 4
637 162 5
637 280 7
637 415 3
637 709 8
637 718 2
637 748 6
638 250 10
638 393 6
638 409 4
638 460 1
638 721 4
638 726 7
638 1001 5
638 1021 3
639 63 5
639 85 3
639 130 8
639 411 6
639 462 6
639 496 4
639 505 3
639 604 9
639 660 7
639 674 10
639 744 8
640 343 6
640 367 7
640 531 7
640 637 6
640 851 10
641 8 3
641 233 10
641 245 6
641 417 5
641 604 9
641 1014 9
642 154 2
642 213 1
642 271 5
642 324 8
642 334 1
642 373 10
642 485 4
642 561 7
642 578 2
642 837 8
643 240 9
643 371 1
643 551 5
643 610 4
643 732 5
643 1015 7
644 6 4
644 319 1
644 440 7
644 488 2
644 597 9
644 730 5
644 749 10
644 927 4
645 63 6
645 272 2
645 274 6
645 348 1
645 548 7
645 563 4
645 721 1
645 836 10
645 902 6
645 929 7
646 72 7
646 319 6
646 342 6
646 453 10
646 792 2
646 932 10
646 996 9
647 18 3
647 209 10
647 363 4
647 609 8
647 680 4
647 851 10
647 859 2
647 927 7
647 949 8
648 34 5
648 145 7
648 315 2
648 367 4
648 515 10
648 552 7
648 765 6
648 930 7
649 84 9
649 90 4
649 114 3
649 462 10
649 523 5
649 723 8
649 886 6
649 952 2
650 343 4
650 454 4
650 907 3
651 35 7
651 237 3
651 246 2
651 263 1
651 554 2
651 870 5
651 961 9
651 987 8
651 1021 4
652 188 10
652 721 4
652 728 4
652 744 6
652 851 10
653 226 5
653 236 9
653 267 1
653 578 4
653 668 6
653 908 10
653 953 4
654 121 1
654 300 2
654 828 3
654 843 6
654 1018 9
655 211 1
655 289 9
655 298 4
655 373 4
655 486 1
655 589 3
655 873 8
655 975 2
656 19 3
656 32 9
656 70 6
656 545 1
656 628 6
656 901 2
656 911 10
656 927 1
657 233 5
657 594 7
657 855 2
657 1020 1
658 143 6
658 357 5
658 372 6
658 435 3
658 626 4
658 888 10
658 901 6
658 927 7
658 941 4
658 995 3
659 372 5
659 643 6
659 658 1
659 722 1
659 789 9
659 859 3
660 13 3
660 343 6
660 388 5
660 494 5
660 557 7
660 572 2
660 639 6
660 682 4
660 970 5
660 978 7
660 999 5
661 139 1
661 245 4
661 437 8
661 568 2
661 659 1
661 945 2
662 41 9
662 303 5
662 363 7
662 370 8
662 384 10
662 459 3
662 490 4
662 752 2
662 873 10
662 896 9
662 1021 4
663 68 10
663 165 10
663 500 7
663 658 4
663 769 7
663 775 3
663 998 8
664 376 3
664 382 4
664 485 5
664 585 7
664 830 1
664 955 4
664 975 3
664 1018 1
665 85 9
665 695 10
665 895 4
665 992 1
666 250 4
666 424 3
666 468 5
666 661 2
666 725 2
666 804 5
667 76 5
667 323 5
667 452 8
667 486 6
667 492 4
667 656 2
667 713 7
667 845 5
667 853 10
667 949 10
667 997 1
667 1005 2
667 1008 9
668 478 4
668 634 7
668 896 6
668 1012 2
669 227 7
669 637 9
669 700 6
669 830 10
669 1000 9
669 1013 7
670 33 3
670 157 9
670 348 10
670 354 7
670 654 5
670 666 4
670 947 9
670 984 1
670 1018 8
671 88 5
671 124 9
671 222 5
671 387 10
671 421 2
671 457 1
671 524 4
671 956 3
671 986 10
671 996 5
672 412 4
672 519 10
672 598 10
672 640 2
672 699 5
672 831 3
673 307 1
673 340 5
673 448 8
673 579 10
673 971 5
674 143 6
674 256 4
674 262 3
674 411 8
674 475 1
674 576 8
674 655 1
674 870 1
675 244 8
675 398 10
675 440 5
675 587 8
675 651 4
675 821 5
675 950 1
676 114 4
676 189 8
676 371 3
676 553 5
676 630 4
676 760 6
676 841 4
677 83 5
677 307 10
677 323 1
677 408 7
677 547 10
677 677 7
677 742 6
677 902 9
678 82 2
678 130 2
678 180 4
678 199 6
678 361 1
678 441 4
678 581 5
678 948 1
679 82 4
679 178 5
679 316 10
679 941 1
680 45 2
680 86 3
680 90 7
680 95 3
680 186 8
680 385 4
680 514 5
680 630 2
680 693 10
680 843 3
680 960 7
681 130 4
681 223 2
681 484 9
681 556 3
681 659 3
681 685 6
681 917 10
681 982 1
682 10 9
682 19 3
682 77 4
682 151 4
682 473 3
682 643 10
682 935 9
682 948 3
682 981 5
683 233 3
683 423 4
683 440 5
684 180 6
684 221 6
684 307 3
684 369 10
684 440 5
684 564 7
684 718 5
684 768 6
684 882 8
684 938 9
685 38 5
685 153 3
685 189 2
685 196 3
685 272 5
685 516 4
685 560 10
685 849 7
685 859 6
685 880 8
685 1022 9
686 92 1
686 207 2
686 262 2
686 336 2
686 492 2
686 629 4
686 702 7
686 835 6
686 887 8
686 940 3
686 941 1
687 9 5
687 74 6
687 122 1
687 426 10
687 518 4
687 561 7
687 580 7
687 682 3
687 810 7
687 938 3
688 449 5
688 452 8
688 893 8
689 86 2
689 143 3
689 363 7
689 442 8
689 567 10
689 584 5
689 660 8
689 708 2
689 886 8
689 934 9
690 157 4
690 325 1
690 343 5
690 742 2
690 800 6
691 227 2
691 365 6
691 696 6
691 766 8
691 1008 3
692 161 6
692 216 9
692 220 6
692 228 4
692 501 6
692 782 10
692 882 10
692 962 10
693 194 7
693 332 9
693 356 7
693 621 8
693 653 3
693 908 4
694 40 7
694 45 2
694 289 10
694 487 4
694 634 4
694 696 9
694 846 5
694 884 9
695 192 9
695 276 9
695 298 10
695 592 6
695 716 2
695 747 7
695 886 1
696 2 9
696 35 10
696 573 9
696 941 8
696 979 7
696 1003 2
697 210 5
697 252 7
697 358 4
697 448 4
697 474 3
697 514 2
697 750 1
697 777 2
698 249 5
698 390 6
698 431 10
698 551 8
698 808 7
698 870 5
698 878 3
699 327 5
699 509 9
699 511 3
699 533 5
699 581 7
699 605 4
699 631 10
699 709 8
699 784 1
699 813 10
700 42 9
700 67 10
700 156 10
700 463 8
700 539 6
700 564 4
700 577 2
700 662 4
700 666 9
700 756 7
700 780 6
700 793 10
700 911 9
700 963 9
701 235 6
701 249 4
701 280 8
701 348 6
701 619 10
701 920 3
702 7 8
702 64 4
702 324 1
702 599 1
702 884 10
703 341 10
703 432 4
703 525 9
703 549 9
703 640 4
703 670 1
703 707 7
703 871 5
704 40 10
704 240 4
704 298 1
704 908 5
704 938 7
705 2 6
705 10 3
705 35 4
705 81 2
705 268 5
705 324 2
705 375 10
705 449 10
705 679 6
705 707 10
705 732 5
705 800 7
706 122 2
706 416 5
706 534 3
706 583 4
706 739 5
706 784 2
706 891 5
706 930 10
706 994 1
707 74 4
707 580 6
707 684 1
707 690 10
707 707 10
707 740 2
707 762 6
707 766 2
708 188 9
708 299 2
708 378 8
708 479 1
708 655 7
708 838 1
708 908 7
708 961 9
708 968 2
709 22 7
709 129 6
709 165 1
709 219 3
709 269 2
709 371 4
709 705 9
710 105 6
710 285 10
710 368 3
710 402 8
710 428 4
710 455 5
710 790 10
710 1006 7
711 217 10
711 277 10
711 286 9
711 529 1
711 576 3
711 602 4
711 611 3
711 931 3
712 148 7
712 246 2
712 256 6
712 693 4
712 928 2
713 187 2
713 258 4
713 415 5
713 422 10
713 453 9
713 474 6
713 493 3
713 734 2
713 904 1
713 927 3
714 254 8
714 275 10
714 379 8
714 418 7
714 579 4
714 655 2
714 883 6
715 235 10
715 288 3
715 333 7
715 352 10
715 556 3
715 561 9
715 667 3
715 840 7
716 6 2
716 109 2
716 422 8
716 825 7
716 855 5
717 60 1
717 72 10
717 411 8
717 638 6
717 681 10
717 706 8
717 780 3
717 828 4
718 26 9
718 109 3
718 118 6
718 167 8
718 238 3
718 345 3
718 369 4
718 668 8
718 744 4
718 782 9
718 926 9
718 938 8
719 50 7
719 152 9
719 213 1
719 313 6
719 440 1
719 596 7
719 678 9
719 723 2
719 782 7
720 73 7
720 262 8
720 370 7
720 729 8
720 770 7
720 805 4
720 874 7
720 966 4
721 164 6
721 320 2
721 650 5
721 922 1
722 183 8
722 416 2
722 417 5
722 578 10
723 321 8
723 421 2
723 523 6
723 563 8
723 778 10
723 806 3
723 850 5
723 933 8
724 33 5
724 133 2
724 204 1
724 205 4
724 215 2
724 402 4
724 584 10
724 588 10
724 653 2
725 1 8
725 27 7
725 103 8
725 233 4
725 423 6
725 465 2
725 508 9
725 513 7
725 571 8
725 575 1
725 576 4
725 647 9
725 709 5
725 914 6
726 45 8
726 126 6
726 222 3
726 682 8
726 1021 6
727 11 7
727 167 2
727 192 5
727 477 2
727 616 5
727 726 5
727 732 7
727 776 6
727 978 9
727 1005 8
728 222 7
728 301 2
728 359 5
728 410 3
728 414 9
728 516 8
728 704 8
728 745 2
728 814 9
728 931 5
728 950 9
728 954 9
729 205 10
729 289 10
729 406 6
729 432 7
729 659 7
729 696 1
729 799 9
729 889 6
729 930 8
730 70 6
730 189 7
730 255 3
730 364 9
730 549 3
730 666 9
730 800 7
730 838 10
730 902 9
731 173 4
731 777 6
731 963 10
731 1000 10
732 349 1
732 484 9
732 529 8
732 861 10
733 261 2
733 296 8
733 357 6
733 366 1
733 519 8
733 584 6
733 718 10
734 90 3
734 319 2
734 546 8
734 587 6
734 642 3
734 694 6
734 965 3
735 53 10
735 92 2
735 205 7
735 352 10
735 472 7
735 515 8
736 30 6
736 54 6
736 297 6
736 335 9
736 517 4
736 748 6
736 828 8
736 934 6
736 977 6
737 300 7
737 325 5
737 461 7
737 626 6
737 765 3
738 21 9
738 267 4
738 392 8
738 397 10
738 429 8
738 519 1
738 601 10
738 859 3
738 894 5
739 51 5
739 255 8
739 278 4
739 317 8
739 335 6
739 357 3
739 476 4
739 707 3
739 844 10
739 875 2
740 123 1
740 198 8
740 230 7
740 757 8
741 485 8
741 542 2
741 596 5
741 696 6
741 756 6
742 59 1
742 151 2
742 156 8
742 296 2
742 405 7
742 567 7
742 580 1
742 599 4
743 77 10
743 83 10
743 348 9
743 457 6
743 490 6
743 589 6
744 185 10
744 187 4
744 428 3
744 547 4
744 596 9
744 885 8
745 171 6
745 180 10
745 278 8
745 313 3
745 321 6
745 396 5
745 487 2
745 621 7
745 775 9
745 834 8
745 967 5
745 972 1
745 974 1
746 4 4
746 44 2
746 183 7
746 509 3
746 519 5
746 659 2
746 689 4
747 24 6
747 73 2
747 103 9
747 146 2
747 540 9
747 579 10
747 742 5
747 755 2
747 763 6
747 887 3
747 906 9
747 958 1
747 1000 5
748 269 6
748 406 5
748 900 10
749 503 2
749 625 7
749 853 9
750 137 2
750 632 6
750 698 5
750 728 4
750 805 8
750 835 8
750 892 8
750 900 6
750 920 2
750 958 2
751 12 9
751 25 7
751 255 7
751 501 1
752 182 6
752 326 10
752 379 9
752 488 7
752 701 6
753 52 10
753 201 2
753 350 1
753 382 10
753 715 4
753 774 5
754 108 7
754 195 9
754 440 6
754 461 10
754 471 7
754 871 6
754 899 1
754 911 4
754 984 10
755 23 5
755 267 1
755 278 10
755 481 4
755 494 8
755 834 3
755 841 5
755 938 6
756 167 10
756 179 3
756 246 6
756 315 7
756 498 5
756 511 7
756 549 3
756 649 10
756 801 8
756 899 7
756 927 10
756 962 8
757 261 10
757 336 6
757 392 6
757 671 8
757 779 4
757 780 6
758 94 4
758 334 1
758 442 8
758 581 9
758 672 3
758 894 4
758 999 9
759 234 4
759 243 7
759 262 8
759 449 6
759 663 1
759 774 4
759 1014 7
760 159 6
760 293 1
760 341 3
760 353 10
760 359 9
760 410 8
760 517 9
760 647 7
760 817 4
760 847 1
760 902 6
761 266 3
761 386 8
761 401 1
761 453 3
761 478 1
762 71 8
762 174 8
762 340 4
762 376 6
762 462 7
762 667 6
763 249 9
763 255 7
763 314 9
763 404 6
763 527 5
763 545 4
763 554 6
763 669 8
763 692 1
763 801 3
763 864 10
763 988 5
764 97 2
764 110 9
764 272 2
764 297 3
764 586 5
764 666 5
764 833 5
764 958 2
765 67 10
765 192 2
765 368 2
765 459 2
765 534 5
765 636 10
765 687 9
765 810 8
765 821 7
765 904 5
765 914 3
765 963 5
765 970 2
765 1009 1
766 110 10
766 255 6
766 484 6
766 563 8
766 615 5
766 780 8
767 192 10
767 258 4
767 611 3
767 723 4
767 1003 2
768 4 4
768 21 6
768 411 8
768 565 1
768 611 10
768 739 9
768 917 10
769 131 3
769 231 3
769 386 3
769 438 7
769 573 4
769 733 1
770 364 4
770 461 10
770 565 8
770 568 8
770 761 4
770 838 1
771 640 10
771 674 6
771 898 8
772 126 6
772 248 3
772 368 4
772 456 5
772 749 4
773 120 7
773 298 7
773 378 7
773 540 1
773 588 3
773 679 4
773 716 10
773 806 5
773 943 3
773 981 1
774 1 6
774 62 6
774 220 3
774 438 8
774 695 4
774 971 8
774 973 10
775 34 10
775 283 9
775 537 9
775 599 7
775 608 2
775 930 9
775 942 9
775 953 9
776 38 8
776 239 4
776 299 3
776 579 1
776 655 10
776 657 7
776 788 8
777 183 7
777 238 5
777 431 10
777 506 1
777 515 9
777 884 1
778 111 7
778 120 1
778 187 1
778 222 2
778 266 8
778 437 5
778 592 1
778 938 4
779 215 2
779 261 10
779 288 3
779 361 10
779 496 9
779 649 1
779 713 4
779 837 9
779 868 9
779 957 4
780 28 7
780 275 4
780 509 7
780 592 7
780 762 4
780 870 3
780 955 6
781 241 2
781 466 9
781 755 5
782 189 2
782 205 7
782 389 6
782 409 10
782 471 10
782 484 8
782 510 1
782 521 9
782 531 3
782 553 1
782 731 2
782 996 4
783 60 2
783 113 4
783 171 6
783 178 2
783 629 5
783 890 9
784 28 1
784 327 5
784 625 4
784 729 7
785 50 9
785 197 10
785 477 5
785 638 2
785 640 4
785 777 1
785 930 3
786 23 3
786 60 7
786 107 6
786 375 9
786 635 2
786 882 5
787 20 8
787 290 2
787 319 7
787 648 7
787 799 4
787 887 9
788 9 10
788 101 7
788 288 10
788 377 4
788 785 4
788 823 2
788 933 10
789 18 4
789 146 4
789 229 4
789 348 8
789 430 2
789 533 4
789 901 7
790 35 6
790 197 5
790 287 1
790 430 6
790 859 9
791 120 3
791 280 3
791 298 4
791 307 3
791 322 6
791 630 10
791 671 3
791 713 7
791 791 6
791 838 1
791 876 10
791 956 6
792 408 10
792 798 9
792 854 6
793 62 5
793 118 2
793 312 9
793 333 4
793 349 6
793 421 4
793 437 10
793 488 5
793 507 5
793 616 3
793 833 1
794 111 10
794 373 10
794 663 3
794 960 6
795 210 8
795 362 7
795 626 10
795 832 2
796 122 10
796 254 5
796 511 3
796 781 2
796 807 4
796 854 9
796 863 2
796 908 3
797 22 4
797 90 3
797 178 3
797 247 1
797 312 8
797 327 7
797 483 1
797 531 3
797 578 4
797 597 4
797 879 4
797 893 8
798 144 8
798 220 7
798 222 10
798 226 10
798 244 8
798 293 3
798 336 5
798 577 5
798 801 9
798 971 4
799 22 8
799 126 8
799 129 10
799 183 1
799 210 1
799 228 3
800 261 1
800 514 4
800 532 8
800 563 6
800 695 7
801 60 10
801 75 9
801 387 6
801 653 6
801 826 9
801 899 8
802 183 9
802 625 5
802 855 2
802 909 8
803 412 4
803 449 10
803 469 8
803 473 3
803 595 7
803 678 10
803 843 7
804 117 3
804 346 8
804 360 2
804 535 1
804 675 8
804 917 2
805 22 3
805 315 10
805 526 6
805 842 3
805 857 4
805 985 3
806 63 8
806 114 2
806 370 5
806 482 8
806 556 7
806 789 2
806 878 7
806 888 6
806 1009 3
807 28 1
807 140 9
807 483 10
807 599 6
807 725 8
807 785 7
808 27 9
808 57 6
808 85 6
808 194 5
808 217 1
808 237 6
808 253 9
809 79 1
809 147 5
809 351 2
809 529 5
809 542 4
809 757 7
809 874 7
809 937 9
809 946 2
809 976 6
809 995 10
810 363 8
810 431 4
810 498 8
810 525 9
810 553 2
810 636 4
810 695 1
810 748 4
810 783 2
810 785 3
810 868 9
810 936 2
810 947 9
811 4 7
811 67 9
811 153 5
811 263 4
811 941 9
812 6 2
812 63 2
812 127 1
812 198 6
812 247 3
812 275 5
812 493 9
812 580 1
812 613 3
812 653 10
812 695 4
812 721 9
812 723 9
812 778 3
812 832 4
812 850 7
812 868 2
813 29 5
813 78 2
813 124 4
813 180 8
813 251 3
813 359 6
813 458 8
813 573 6
813 611 7
813 622 5
813 627 7
813 665 1
813 767 8
813 872 5
813 875 4
813 946 1
814 53 8
814 328 9
814 721 3
814 787 4
815 119 9
815 303 5
815 403 7
815 434 8
815 703 1
815 838 7
816 4 9
816 515 3
816 580 10
816 742 5
817 41 6
817 61 6
817 209 8
817 536 2
817 626 5
817 633 2
817 671 9
817 683 2
817 985 8
817 991 5
817 1004 6
818 37 4
818 54 7
818 375 5
818 480 10
818 491 10
818 524 5
818 730 9
818 796 10
818 802 9
818 814 3
818 824 9
819 279 4
819 322 9
819 329 6
819 532 6
819 563 7
819 622 4
819 822 8
819 836 8
820 58 10
820 99 6
820 127 3
820 283 9
820 592 7
820 678 7
820 688 1
820 712 5
820 858 10
821 114 10
821 206 2
821 337 6
821 665 5
821 700 8
821 732 2
822 20 6
822 38 10
822 181 7
822 263 5
822 374 9
822 423 5
822 616 7
822 697 9
822 749 10
822 797 7
822 892 5
823 75 5
823 98 3
823 442 10
823 693 5
823 891 2
823 1010 2
824 24 10
824 50 4
824 97 2
824 158 6
824 236 2
824 437 2
824 450 2
824 705 1
824 769 3
824 981 3
825 3 8
825 67 7
825 92 3
825 428 10
825 598 3
825 606 2
825 775 6
825 877 7
826 98 2
826 175 2
826 227 5
826 237 1
826 248 2
826 483 3
826 887 7
826 968 8
826 1010 5
827 35 8
827 179 2
827 271 8
827 496 1
827 521 1
827 527 1
827 696 3
827 727 8
827 754 4
827 950 6
828 22 2
828 178 4
828 334 9
828 493 4
828 652 4
828 919 7
829 94 8
829 153 3
829 233 9
829 251 9
829 428 10
829 632 7
829 718 3
829 866 1
830 18 3
830 47 3
830 156 4
830 180 5
830 197 9
830 296 2
830 324 1
830 430 8
830 618 3
830 838 8
830 867 9
830 981 6
831 37 8
831 213 1
831 485 5
831 608 1
831 648 8
831 739 6
831 750 7
832 388 6
832 431 2
832 532 10
832 558 3
832 613 9
832 650 4
832 670 3
832 745 10
832 931 3
832 978 2
832 1005 2
833 190 3
833 318 4
833 395 4
833 556 7
833 564 9
833 636 4
833 739 10
833 741 9
833 752 1
833 867 4
833 940 7
833 954 1
834 234 9
834 469 6
834 474 3
834 511 6
834 667 9
834 928 1
835 38 3
835 54 5
835 437 6
835 989 4
835 1006 6
836 126 10
836 216 3
836 455 9
836 515 3
836 798 4
837 10 3
837 430 4
837 445 5
837 548 5
837 967 7
838 20 10
838 222 3
838 239 7
838 255 5
838 353 2
838 445 6
838 492 7
838 513 6
838 641 2
838 682 8
838 686 6
839 56 7
839 58 10
839 261 3
839 325 5
839 467 10
839 597 6
839 906 1
840 17 8
840 41 9
840 544 8
840 648 7
840 720 3
840 753 6
840 874 1
840 1002 8
841 22 10
841 553 6
841 592 2
841 748 5
841 1001 3
842 358 3
842 536 9
842 645 1
842 692 7
842 758 1
842 777 6
842 940 6
843 109 8
843 356 9
843 361 3
843 478 5
843 1001 6
844 175 4
844 191 8
844 205 2
844 255 4
844 376 3
844 406 3
844 458 1
844 511 3
845 60 2
845 140 9
845 348 8
845 353 10
845 594 10
845 631 5
845 819 9
846 418 5
846 591 9
846 621 3
846 676 9
846 726 1
846 760 4
846 839 10
846 899 10
846 1006 6
847 64 5
847 163 5
847 269 3
847 307 6
847 393 7
847 458 7
847 463 1
847 494 10
847 524 6
847 742 4
847 781 5
847 818 10
848 43 8
848 119 7
848 135 3
848 259 10
848 406 6
848 501 10
848 577 9
848 633 7
848 634 6
848 760 7
848 855 1
848 999 4
849 49 2
849 260 2
849 275 5
849 469 5
849 499 3
849 608 6
849 705 10
849 719 9
849 883 10
850 13 4
850 77 4
850 78 8
850 149 2
850 537 4
850 574 7
850 681 8
850 736 8
850 883 4
851 106 7
851 548 7
851 562 10
851 669 1
851 671 6
851 696 7
851 767 2
852 59 4
852 216 3
852 444 8
852 678 1
852 774 6
853 162 3
853 544 4
853 644 7
853 690 9
853 745 10
853 942 9
854 38 4
854 74 9
854 110 7
854 289 3
854 505 4
854 758 1
854 844 10
855 9 5
855 26 6
855 51 9
855 120 4
855 344 5
855 413 2
855 719 3
855 896 2
855 1006 3
856 51 3
856 369 9
856 493 10
856 529 7
856 671 3
856 672 2
856 926 4
856 968 5
857 105 9
857 142 6
857 151 10
857 196 7
857 299 7
857 344 9
857 358 5
857 527 10
857 528 9
857 544 4
857 590 3
857 1012 2
858 184 6
858 407 4
858 409 8
858 460 3
858 503 2
858 673 4
858 890 10
858 927 5
858 982 6
859 147 1
859 197 8
859 249 10
859 363 1
859 691 9
859 882 6
859 995 3
860 67 2
860 93 1
860 112 9
860 113 1
860 187 9
860 232 8
860 337 7
860 511 5
860 521 6
860 638 4
860 657 4
860 674 4
860 883 9
861 18 8
861 73 7
861 100 6
861 209 4
861 342 5
861 355 8
861 425 7
861 988 8
862 170 9
862 292 2
862 336 5
862 624 1
862 687 1
862 702 6
862 769 2
862 1010 1
863 52 2
863 87 4
863 215 2
863 217 4
863 240 5
863 276 4
863 528 4
863 572 2
863 773 3
863 837 8
864 218 10
864 384 6
864 443 4
864 667 5
864 699 6
864 798 3
864 895 2
864 932 1
865 27 6
865 238 8
865 397 10
865 519 3
865 824 5
865 900 9
866 158 6
866 261 1
866 353 9
866 375 8
866 432 6
866 551 10
866 808 8
866 864 9
866 935 6
867 287 1
867 465 3
867 836 10
867 910 5
868 105 6
868 108 3
868 382 7
868 555 6
868 637 4
868 717 4
868 751 1
868 841 9
868 894 9
869 73 3
869 426 2
869 435 1
869 480 1
869 621 9
869 657 2
869 717 3
870 177 5
870 277 10
870 385 10
870 426 5
870 836 1
870 972 7
871 69 2
871 160 2
871 234 6
871 243 1
871 541 7
872 41 6
872 200 5
872 412 8
872 585 10
872 702 2
872 884 3
873 80 8
873 100 9
873 500 8
873 847 1
873 853 9
874 173 8
874 327 1
874 452 2
874 474 9
874 919 3
874 986 2
875 45 7
875 169 5
875 276 6
875 386 3
875 863 6
876 82 5
876 112 9
876 577 6
876 658 3
876 689 1
876 835 10
876 914 8
876 941 3
877 2 6
877 172 3
877 228 9
877 276 6
877 289 5
877 602 10
877 656 10
877 670 2
877 823 9
877 879 7
877 888 5
878 260 7
878 292 5
878 307 7
878 477 10
878 535 3
878 695 10
879 25 3
879 124 2
879 203 6
879 462 8
879 593 4
879 761 1
879 1002 4
880 16 3
880 161 9
880 190 8
880 285 5
880 427 8
880 439 5
880 445 7
880 600 5
880 622 10
880 724 7
880 747 2
880 765 4
880 822 6
880 836 1
880 960 7
880 980 6
881 43 8
881 96 1
881 151 5
881 368 4
881 518 10
881 525 4
881 758 8
881 785 1
881 821 9
881 971 9
882 123 6
882 178 6
882 228 5
882 327 8
882 346 2
882 666 9
882 849 8
883 129 9
883 215 3
883 264 7
883 369 6
883 651 1
883 670 2
883 756 5
883 966 7
884 338 5
884 385 10
884 435 4
884 457 6
884 732 6
885 89 10
885 166 5
885 582 9
885 632 4
885 666 8
885 669 8
886 266 9
886 414 5
886 878 8
886 928 7
886 1015 6
887 18 5
887 181 5
887 238 2
887 529 4
887 693 8
887 696 10
887 918 2
887 930 8
887 931 4
887 985 10
887 1010 3
888 21 6
888 107 3
888 158 9
888 248 2
888 705 8
888 802 8
889 63 7
889 289 3
889 351 6
889 360 8
889 425 9
889 429 4
889 482 1
889 496 8
889 514 3
889 698 2
889 751 4
889 869 2
889 910 8
889 929 9
889 958 8
890 391 4
890 420 10
890 470 1
890 511 1
890 611 1
890 649 4
890 977 9
890 984 4
890 1024 4
891 11 3
891 137 9
891 164 6
891 165 4
891 196 2
891 324 5
891 614 1
891 719 1
891 895 9
891 976 8
892 728 8
892 841 7
892 910 3
892 948 9
893 103 4
893 218 5
893 509 2
893 755 10
893 855 8
893 873 9
893 953 8
893 973 5
893 984 3
894 105 10
894 257 8
894 285 5
894 504 2
894 646 1
894 776 3
894 974 8
895 37 6
895 73 8
895 273 8
895 286 4
895 292 1
895 401 10
895 408 8
895 467 3
895 738 2
895 819 9
895 859 1
895 866 9
895 899 5
895 912 3
895 989 9
896 155 1
896 390 10
896 477 10
896 516 10
896 671 7
896 992 9
897 16 9
897 20 2
897 620 3
897 667 10
898 259 1
898 282 9
898 734 4
898 910 1
898 921 2
898 992 1
899 99 9
899 162 1
899 232 8
899 411 2
899 426 1
899 574 9
899 779 1
899 788 3
899 886 10
899 959 9
899 1017 3
899 1018 9
900 289 4
900 599 8
900 648 7
900 701 6
900 729 7
900 916 9
901 148 7
901 313 5
901 531 9
901 629 5
901 735 8
901 786 1
901 817 7
902 53 8
902 67 1
902 107 10
902 115 9
902 155 2
902 652 10
902 892 7
902 934 4
902 965 9
903 261 10
903 518 4
903 532 8
903 769 10
903 851 9
904 169 9
904 375 9
904 421 3
904 460 9
904 685 4
904 734 10
904 969 8
905 38 1
905 68 8
905 141 6
905 171 7
905 214 3
905 307 4
905 518 3
905 585 10
905 782 6
905 1006 1
906 179 10
906 273 6
906 337 10
906 433 10
906 518 10
906 620 1
906 799 8
906 803 3
906 821 2
907 193 7
907 379 7
907 383 9
907 450 8
907 546 5
907 550 9
907 786 8
907 984 7
907 1000 8
908 102 1
908 126 9
908 245 5
908 271 3
908 335 6
908 381 10
908 397 9
908 420 10
908 453 3
908 477 4
908 600 2
908 701 10
908 832 4
909 4 1
909 209 5
909 327 6
909 352 10
909 360 4
909 393 6
909 599 9
910 146 7
910 186 7
910 192 5
910 236 3
910 299 7
910 436 2
910 527 9
910 641 8
910 701 2
910 844 7
911 171 5
911 509 2
911 556 5
911 584 1
911 586 5
912 19 3
912 83 2
912 147 5
912 173 2
912 285 6
912 394 8
912 540 3
912 654 5
913 82 4
913 156 5
913 354 9
913 367 9
913 427 6
913 501 3
913 637 6
913 806 4
913 809 9
914 20 5
914 134 10
914 155 3
914 286 1
914 498 4
914 500 3
914 749 8
914 790 5
914 966 9
915 279 4
915 349 8
915 427 6
915 497 6
915 561 4
915 707 8
915 903 7
916 97 9
916 204 9
916 277 2
916 287 8
916 626 4
916 637 8
916 654 3
916 824 10
916 871 7
916 941 1
916 974 6
917 319 1
917 384 7
917 509 1
917 597 9
917 820 1
917 860 1
917 905 3
918 36 3
918 164 6
918 325 5
918 469 3
918 491 10
918 558 5
918 596 8
918 605 7
918 787 10
919 56 4
919 185 1
919 477 7
919 523 2
919 575 1
919 665 8
919 724 4
919 894 10
919 902 3
920 182 1
920 361 3
920 424 2
920 521 9
920 672 5
920 741 9
920 809 9
920 886 1
920 965 10
921 121 9
921 191 3
921 210 2
921 342 1
921 433 8
921 529 7
921 563 7
921 612 10
921 616 6
921 782 4
921 837 9
922 175 2
922 460 3
922 467 2
923 391 4
923 773 2
923 929 4
923 975 6
924 200 9
924 249 9
924 254 6
924 309 1
924 347 1
924 387 8
924 852 4
925 136 2
925 201 2
925 206 3
925 261 10
925 660 5
925 856 2
926 142 1
926 231 9
926 341 3
926 363 3
926 427 6
926 577 9
926 630 10
926 684 7
926 693 6
926 738 5
926 988 6
927 229 9
927 851 9
927 983 9
928 192 3
928 216 10
928 391 4
928 750 10
929 42 10
929 314 4
929 316 5
929 684 2
930 180 7
930 321 4
930 366 6
930 404 8
930 423 8
930 462 8
930 583 9
930 589 2
930 730 1
930 750 9
930 759 2
930 815 3
930 872 2
931 94 8
931 426 3
931 432 3
931 458 6
931 995 8
932 72 7
932 95 1
932 252 8
932 255 5
932 314 2
932 318 2
932 370 5
932 904 5
932 976 2
933 52 4
933 123 9
933 147 6
933 250 6
933 404 5
933 774 10
933 837 3
933 895 4
933 913 9
934 7 10
934 235 2
934 402 10
934 407 10
934 434 1
934 630 1
934 684 4
934 700 2
934 805 10
934 844 6
934 937 4
934 1003 6
935 165 5
935 425 2
935 444 8
935 639 2
936 137 6
936 869 9
936 950 6
937 121 2
937 153 6
937 478 7
937 823 8
938 19 6
938 288 2
938 368 5
938 373 2
938 523 3
938 569 7
938 793 5
938 932 3
938 959 8
939 159 8
939 280 2
939 284 7
939 842 8
939 904 5
940 51 2
940 327 1
940 419 6
940 850 7
940 951 4
940 954 3
940 1001 3
941 49 7
941 338 1
941 347 6
941 406 3
941 410 1
941 424 1
941 433 6
941 672 6
941 704 7
941 752 3
941 761 3
941 850 1
941 874 7
941 956 4
942 52 5
942 67 5
942 131 10
942 188 8
942 284 2
942 334 8
942 419 1
942 530 10
942 625 7
942 835 7
942 867 1
942 881 8
942 971 3
943 117 9
943 623 3
943 692 5
943 831 1
943 984 10
944 113 7
944 342 9
944 398 4
944 481 10
944 595 1
944 685 9
944 871 5
944 947 10
945 126 4
945 137 10
945 812 10
946 128 2
946 176 5
946 311 6
946 367 7
946 618 5
946 687 5
946 844 10
946 903 4
946 964 6
947 56 10
947 201 10
947 215 4
947 259 2
947 412 9
947 462 6
947 526 1
947 594 2
947 643 3
947 726 3
947 930 3
948 123 1
948 285 1
948 332 6
948 402 10
948 443 4
948 507 4
948 946 7
948 1008 3
949 54 9
949 96 6
949 199 4
949 242 1
949 717 2
949 995 9
950 10 7
950 75 8
950 77 4
950 293 8
950 553 1
950 604 1
950 1017 7
951 47 3
951 108 4
951 216 9
951 217 1
951 224 2
951 268 1
951 291 4
951 519 6
951 740 3
951 758 6
952 351 8
952 419 6
952 565 3
952 721 8
952 795 9
952 822 9
952 971 4
953 57 1
953 68 7
953 103 1
953 221 4
953 355 7
953 550 2
953 883 4
954 131 5
954 249 10
954 300 9
954 458 3
954 525 2
954 684 1
954 734 1
954 825 6
954 992 7
955 90 1
955 200 7
955 230 10
955 359 1
956 97 2
956 189 5
956 442 6
956 567 10
956 703 2
956 870 1
956 940 2
956 974 1
957 370 1
957 580 10
957 694 6
957 831 3
957 987 9
958 95 6
958 230 8
958 629 5
958 812 10
959 23 1
959 234 10
959 402 9
959 600 2
959 743 4
959 760 2
959 840 2
959 868 4
960 25 8
960 181 8
960 193 7
960 217 6
960 303 7
961 9 7
961 132 7
961 236 3
961 257 2
961 898 8
961 899 7
961 934 4
962 97 10
962 99 7
962 221 4
962 329 1
962 566 3
962 714 8
962 811 9
962 934 10
962 968 5
963 167 6
963 175 9
963 217 8
963 258 7
963 403 9
963 430 9
963 835 10
963 840 3
963 895 2
963 987 5
963 1018 10
964 209 10
964 322 1
964 730 5
964 959 8
965 47 10
965 231 3
965 409 1
965 572 3
965 598 3
965 891 9
965 927 7
965 977 2
965 986 5
966 32 2
966 175 4
966 254 9
966 335 10
966 516 5
966 590 1
967 47 6
967 177 10
967 197 9
967 371 3
967 455 8
967 619 10
967 632 3
967 751 9
967 769 2
967 773 5
967 944 3
967 967 1
968 396 6
968 454 6
968 599 7
968 971 3
969 181 5
969 286 1
969 323 5
969 377 7
969 434 3
969 508 3
969 557 5
969 926 6
970 450 10
970 476 7
970 593 10
970 711 10
970 777 8
970 816 6
970 824 10
971 107 3
971 291 5
971 293 1
971 368 6
971 516 4
971 552 10
971 613 10
971 635 2
971 675 1
971 878 4
971 887 4
972 44 3
972 74 9
972 339 1
972 400 1
972 588 2
972 591 7
972 765 3
973 356 8
973 578 6
973 747 6
973 777 3
973 782 10
974 231 3
974 311 2
974 402 8
974 431 4
974 641 3
974 730 5
974 830 9
974 922 3
974 936 10
975 45 5
975 136 3
975 159 7
975 163 8
975 370 2
975 633 6
975 656 9
975 762 4
975 971 10
975 987 5
976 374 8
976 400 8
977 28 5
977 92 10
977 247 1
977 285 4
977 383 2
977 573 1
977 849 9
977 880 9
978 243 3
978 359 8
978 491 2
978 572 6
978 601 8
978 666 5
978 747 8
978 847 4
978 977 6
978 980 10
979 421 3
979 945 10
980 108 4
980 247 9
980 284 8
980 287 7
980 384 5
980 439 6
980 488 2
980 755 6
980 833 2
980 939 9
981 4 3
981 54 7
981 104 10
981 268 6
981 294 10
981 345 2
981 686 6
981 767 10
981 793 2
981 835 8
981 941 9
982 90 5
982 137 3
982 153 6
982 177 10
982 192 2
982 224 10
982 299 7
982 774 4
982 976 2
983 28 6
983 172 7
983 226 3
983 263 3
983 289 4
983 719 7
983 863 1
983 912 7
983 924 2
984 20 2
984 271 8
984 316 6
984 598 10
984 718 7
984 798 3
984 893 1
985 81 10
985 249 8
985 853 10
985 987 2
985 1002 7
986 32 1
986 307 6
986 427 1
986 730 6
987 545 7
987 664 3
987 818 5
987 1019 3
988 54 6
988 72 9
988 383 9
988 394 2
988 630 3
988 759 3
988 827 7
988 884 9
988 956 5
988 991 6
988 995 2
989 249 9
989 395 3
989 654 9
989 726 10
989 781 9
989 933 2
989 936 1
989 958 9
990 108 1
990 289 2
990 308 2
990 453 8
990 525 2
990 596 7
990 667 8
990 695 10
990 721 6
990 869 2
991 379 6
991 448 8
991 500 7
991 541 6
991 1020 8
992 59 1
992 622 8
992 746 3
992 879 9
993 56 8
993 298 9
993 405 4
993 838 9
993 982 7
993 1007 6
994 129 10
994 691 7
994 733 7
994 904 3
994 983 9
995 86 7
995 269 3
995 303 2
995 355 8
995 904 10
996 231 6
996 247 6
996 265 10
996 276 7
996 619 1
996 648 1
996 885 2
996 992 1
996 1016 8
997 13 8
997 361 8
997 593 10
997 618 5
997 664 2
997 779 8
997 797 3
997 826 1
997 975 4
998 76 3
998 156 7
998 174 1
998 280 4
998 600 5
999 10 7
999 292 6
999 320 5
999 391 3
999 432 9
999 637 9
999 733 10
999 846 10
1000 121 4
1000 636 8
1000 687 9
1000 790 10
1000 795 8
1000 797 2
1000 953 3
1001 139 8
1001 258 1
1001 386 10
1001 412 8
1001 439 10
1001 727 7
1002 62 9
1002 153 9
1002 327 1
1002 415 9
1002 467 2
1002 521 5
1002 576 8
1002 725 3
1002 739 9
1002 794 2
1002 809 1
1003 94 4
1003 137 9
1003 225 4
1003 256 4
1003 624 7
1003 633 5
1003 638 4
1003 751 10
1003 853 2
1004 215 4
1004 267 1
1004 335 2
1004 822 5
1004 873 3
1004 922 9
1005 259 5
1005 608 5
1005 759 6
1005 779 6
1005 868 1
1005 958 7
1006 188 5
1006 239 1
1006 253 5
1006 311 8
1006 446 5
1006 478 2
1006 524 2
1006 561 5
1006 619 6
1006 756 3
1006 900 9
1006 946 4
1007 140 8
1007 151 2
1007 578 10
1007 727 2
1007 828 7
1008 232 1
1008 295 6
1008 463 1
1008 466 1
1008 612 7
1008 748 5
1008 812 5
1008 985 5
1009 2 2
1009 46 9
1009 593 3
1009 875 9
1009 934 1
1009 1014 1
1010 2 3
1010 167 3
1010 298 5
1010 393 3
1010 422 10
1010 443 9
1010 528 4
1010 568 4
1010 681 6
1010 747 8
1010 821 4
1010 856 1
1010 982 5
1010 1016 6
1011 35 2
1011 89 9
1011 139 4
1011 222 2
1011 255 4
1011 286 4
1011 303 4
1011 464 10
1011 535 1
1011 625 10
1011 873 6
1012 15 2
1012 40 1
1012 52 10
1012 63 10
1012 410 1
1012 448 10
1012 463 5
1012 841 6
1013 66 7
1013 260 9
1013 578 5
1013 719 7
1013 848 4
1013 858 10
1014 138 2
1014 302 2
1014 419 4
1014 433 2
1014 498 8
1014 639 1
1014 726 3
1014 731 6
1014 743 4
1014 1010 6
1015 346 9
1015 413 10
1015 765 1
1015 796 10
1015 864 10
1016 433 10
1016 685 6
1016 819 3
1016 826 10
1017 25 5
1017 259 2
1017 261 1
1017 317 7
1017 458 8
1017 578 8
1017 761 3
1017 907 8
1017 951 2
1017 975 9
1018 125 2
1018 183 3
1018 308 2
1018 444 5
1018 979 8
1019 4 5
1019 305 2
1019 338 10
1019 1023 9
1020 444 8
1020 560 4
1020 698 4
1020 879 6
1021 181 5
1021 298 4
1021 553 8
1021 651 4
1021 703 3
1021 707 3
1021 963 6
1022 381 3
1022 412 9
1022 654 9
1022 768 5
1022 776 5
1022 886 9
1023 178 2
1023 395 9
1023 447 6
1023 580 5
1023 609 9
1024 140 7
1024 183 7
1024 430 10
1024 547 1
1024 677 7
1024 697 4
1024 884 3
1024 921 6
1024 942 2
1024 946 2
1024 954 1
1024 958 5

