513 3117
1 80 9
1 178 2
1 193 6
1 236 5
1 242 6
1 276 9
1 292 9
1 428 5
1 430 6
1 451 6
2 116 1
2 153 8
2 198 3
2 266 2
2 287 1
2 331 4
2 340 2
2 482 2
3 346 1
3 416 7
3 489 10
3 509 10
4 15 10
4 27 7
4 28 9
4 41 2
4 194 4
4 201 10
4 223 4
4 287 10
4 457 9
5 159 5
5 344 1
5 414 4
5 512 9
6 34 8
6 93 4
6 122 9
6 130 4
6 300 1
6 487 4
6 513 7
7 45 8
7 118 8
7 185 8
7 191 1
7 315 4
8 77 2
8 189 2
8 474 4
9 1 8
9 30 1
9 45 6
9 396 7
10 110 10
10 125 4
10 255 9
10 259 3
10 291 5
10 366 4
10 422 2
10 447 3
11 37 10
11 144 4
11 189 9
11 244 8
11 254 2
11 481 4
11 502 9
11 507 7
12 33 5
12 258 4
12 279 3
12 364 2
12 384 2
12 389 3
13 128 4
13 182 5
13 213 4
13 451 5
13 497 10
13 504 3
14 73 8
14 139 5
14 211 9
14 218 7
14 264 1
14 324 9
14 432 9
14 454 5
14 463 5
15 68 2
15 76 8
15 97 4
15 108 7
15 191 8
15 242 4
15 276 10
15 278 1
15 325 2
15 363 7
15 377 5
15 473 5
15 479 9
16 8 9
16 28 8
16 83 1
16 254 2
16 268 2
16 473 6
17 103 9
17 111 4
17 133 8
17 138 6
17 144 8
17 245 9
17 261 2
17 344 8
17 414 9
17 445 2
18 10 3
18 202 3
18 319 5
18 396 2
19 45 9
19 137 1
19 195 1
19 202 2
19 298 3
19 350 3
19 435 5
19 437 9
19 479 10
19 509 1
20 78 9
20 305 10
20 367 1
20 476 2
21 182 1
21 191 2
21 374 7
21 503 1
22 69 5
22 236 7
22 267 6
22 496 5
22 511 5
23 165 9
23 195 4
23 207 5
23 282 2
23 377 8
23 468 10
23 493 8
23 507 1
24 25 8
24 58 1
24 464 1
24 496 1
25 84 3
25 235 4
25 309 5
25 376 1
25 399 5
25 424 7
26 92 1
26 117 4
26 173 7
26 227 2
26 239 6
26 375 1
26 451 9
26 455 7
26 486 7
26 488 7
26 507 4
27 3 1
27 240 1
27 332 5
28 62 7
28 121 7
28 124 6
28 454 4
29 198 6
29 241 6
29 256 5
29 257 3
29 377 6
30 52 5
30 175 3
30 180 8
30 204 10
30 239 9
30 246 10
30 325 4
30 474 8
31 5 10
31 198 7
31 235 4
31 402 4
32 43 3
32 240 6
32 436 2
33 20 9
33 160 3
33 433 10
34 125 4
34 253 5
34 292 10
35 187 8
35 319 1
35 357 8
36 28 6
36 67 5
36 122 4
36 232 1
36 403 9
36 475 6
36 505 8
37 28 5
37 82 1
37 118 5
37 299 7
37 498 1
38 21 6
38 339 10
39 142 10
39 431 7
39 484 9
40 10 6
40 118 10
40 184 1
40 376 1
40 496 3
41 16 1
41 94 5
41 98 2
41 190 6
41 238 10
41 252 3
41 318 4
41 446 2
41 468 1
41 469 9
41 494 8
42 261 4
42 358 1
42 439 8
42 489 1
42 513 8
43 217 5
43 415 3
44 298 4
45 53 1
45 119 6
45 149 9
45 271 10
45 283 5
45 338 7
45 510 10
46 89 10
46 147 7
46 154 2
46 155 3
46 171 1
46 322 4
47 125 7
47 127 5
47 139 10
47 161 8
47 363 7
47 371 3
47 404 2
47 470 9
47 488 3
48 90 1
48 266 4
48 270 3
48 386 9
49 7 5
49 21 2
49 89 3
49 191 9
49 220 5
49 295 3
50 30 6
50 160 5
50 249 4
50 280 3
50 388 1
50 457 6
51 217 4
51 362 9
51 459 7
52 59 6
52 111 2
52 268 1
52 276 5
52 486 6
53 71 2
53 386 4
53 426 2
53 492 6
54 137 5
54 142 1
54 223 8
54 288 6
54 292 4
54 479 2
55 6 6
55 11 10
55 34 3
55 414 8
55 494 1
56 40 7
56 196 2
56 211 6
56 228 3
56 285 7
56 318 10
57 26 3
57 112 2
57 122 4
57 150 4
57 174 1
57 221 1
57 240 5
57 253 3
57 306 5
57 309 10
57 317 4
57 399 9
57 511 1
58 19 9
58 47 5
58 172 3
58 482 8
59 62 2
59 81 9
59 201 9
59 272 7
59 295 10
59 361 3
59 478 6
60 69 10
60 114 1
60 177 9
60 284 8
60 316 3
60 455 6
60 463 7
61 179 7
61 249 9
61 258 2
61 367 10
61 399 1
61 499 3
61 503 4
62 349 3
62 452 9
63 4 3
63 35 8
63 144 7
63 428 6
63 479 6
63 497 4
64 152 10
64 239 5
64 257 5
64 266 8
64 398 3
64 482 4
65 19 8
65 45 7
65 245 9
65 393 9
66 76 7
66 82 8
66 176 6
66 342 1
67 155 5
67 251 5
67 479 8
67 484 3
67 496 6
68 26 7
68 34 6
68 57 8
68 280 3
68 387 8
68 437 7
68 440 5
68 469 6
68 472 5
69 6 2
69 38 3
69 142 10
69 302 2
69 370 8
69 438 5
69 496 1
70 9 2
70 58 8
70 144 8
70 152 9
70 162 8
70 289 7
70 413 7
70 468 5
70 507 4
71 38 10
71 73 9
71 258 8
71 476 7
72 143 4
72 230 4
72 329 5
72 441 9
73 1 3
73 65 7
73 67 8
73 69 1
73 82 4
73 102 5
73 233 6
73 238 5
73 276 8
73 296 7
73 465 8
74 25 7
74 74 1
74 78 9
74 102 8
74 241 10
74 284 8
74 302 8
74 457 10
75 54 6
75 66 7
75 76 4
75 114 10
75 223 6
75 303 5
75 323 9
75 430 4
75 433 10
75 447 2
75 512 8
76 19 10
76 60 7
76 366 5
76 428 7
76 471 7
76 494 10
77 2 2
77 43 4
77 86 6
77 105 1
77 132 1
77 141 4
77 460 7
78 21 3
78 240 4
78 245 4
78 271 5
78 509 3
79 72 4
79 80 4
79 369 9
79 373 10
79 388 9
79 481 8
80 109 7
80 212 5
80 242 8
80 256 10
81 180 4
81 206 2
81 267 7
81 281 3
81 355 8
81 474 3
81 513 2
82 111 6
82 187 2
82 329 5
82 414 10
82 464 10
83 77 5
83 116 2
83 165 3
83 166 3
83 210 6
83 263 8
83 353 8
83 405 10
83 505 10
84 32 1
84 94 5
84 109 10
84 123 2
84 162 6
84 172 9
84 383 8
84 417 10
84 429 7
84 453 7
84 483 6
85 36 8
85 78 6
85 93 10
85 95 5
85 243 8
85 292 1
85 450 10
86 23 2
86 37 7
86 39 1
86 65 1
86 111 3
86 258 4
86 284 5
86 300 5
86 406 10
86 441 4
86 473 3
86 476 1
87 109 3
87 198 5
87 309 6
87 454 5
88 33 9
88 73 3
88 140 3
88 191 6
88 303 2
88 369 9
88 444 5
88 450 7
88 477 6
88 483 10
89 106 9
89 108 2
89 133 7
89 140 9
89 161 4
89 169 10
89 294 6
90 94 6
90 164 10
90 410 8
90 488 10
90 503 6
91 105 5
91 176 1
91 288 9
91 312 9
91 498 1
92 5 4
92 63 3
92 88 8
92 235 8
92 269 3
92 364 10
92 440 10
92 479 9
93 52 2
93 53 1
93 81 3
93 279 10
93 424 6
93 451 2
93 455 8
93 501 10
94 225 10
94 288 9
94 375 3
94 388 10
95 157 6
95 364 8
95 456 1
96 40 5
96 165 9
96 320 7
96 337 9
96 363 9
96 436 5
96 504 9
97 84 10
97 228 10
97 420 4
98 73 7
98 210 7
98 212 6
98 353 7
98 365 9
98 395 4
98 399 10
99 34 9
99 115 8
99 116 1
99 153 6
99 283 9
99 309 1
99 318 5
99 452 1
99 507 1
100 59 7
100 72 10
100 149 6
100 181 7
100 188 2
100 214 2
100 298 5
100 318 8
100 323 3
100 325 4
100 412 5
101 394 1
101 409 5
101 452 4
101 511 4
102 180 1
102 213 1
102 258 10
102 307 9
102 486 1
103 286 5
103 340 10
103 371 9
103 420 3
104 20 3
104 64 4
104 85 3
104 97 3
104 109 1
104 124 3
104 393 5
104 451 9
104 503 4
105 38 10
105 121 5
105 147 6
105 153 3
105 281 2
105 304 5
105 351 5
105 506 7
106 104 9
106 179 8
106 223 1
106 366 5
106 398 1
106 452 3
107 110 7
107 216 2
107 270 4
107 327 7
108 32 7
108 38 5
108 215 5
108 240 1
108 456 7
108 503 10
109 46 3
109 61 1
109 208 10
109 313 8
109 455 5
109 457 9
110 83 3
110 140 6
110 261 5
110 298 10
110 324 1
110 353 8
110 358 5
110 477 5
111 41 4
111 59 5
111 149 2
111 353 6
111 406 9
111 489 5
111 508 9
112 36 5
112 51 6
112 217 4
112 256 3
112 404 4
112 423 8
112 488 7
113 22 6
113 26 7
113 117 9
113 135 9
113 165 9
113 170 10
113 394 8
113 400 6
114 85 10
114 251 10
114 425 3
114 445 5
115 59 10
115 112 3
115 113 4
115 120 6
115 209 10
115 252 8
115 286 10
115 412 3
115 431 3
115 453 9
116 162 7
116 417 3
116 424 5
116 466 5
116 484 8
117 4 8
117 81 10
117 219 6
117 343 6
117 357 6
117 451 4
118 216 4
118 327 6
118 463 2
118 476 6
119 132 3
119 206 9
119 258 5
119 490 4
119 505 2
120 33 9
120 338 5
120 341 4
120 389 5
120 497 10
121 61 5
121 115 2
121 321 10
121 370 8
121 465 6
121 466 10
121 508 4
122 11 1
122 12 6
122 222 10
122 343 8
122 428 3
122 510 10
123 54 5
123 121 9
123 187 7
123 239 8
123 315 4
123 410 2
123 470 2
124 155 9
124 259 6
124 338 10
124 486 4
125 47 9
125 179 3
125 248 4
125 340 4
125 399 9
125 426 10
126 93 5
126 501 3
127 112 1
127 373 4
127 452 2
128 195 7
128 215 5
128 408 8
128 462 7
129 57 1
129 83 7
129 404 6
129 413 5
130 67 8
130 76 1
130 325 5
130 331 4
130 377 8
130 434 1
130 450 5
131 48 1
131 122 9
131 260 2
131 269 3
131 297 4
131 319 1
131 371 7
132 38 10
132 60 6
132 178 5
132 297 9
132 337 2
132 495 10
133 64 2
133 117 8
133 158 1
133 183 10
133 295 2
133 417 8
133 490 8
133 497 4
133 509 7
134 116 3
134 249 9
134 260 4
135 108 3
135 114 3
135 273 10
135 348 3
135 512 3
136 96 6
136 133 5
136 433 4
137 10 8
137 65 7
137 80 9
137 110 10
137 431 4
138 113 10
138 137 7
138 250 10
138 301 1
138 372 8
138 410 9
138 418 2
138 450 5
138 509 10
139 116 1
139 121 9
139 155 9
139 214 10
139 324 2
139 509 5
140 32 2
140 236 2
140 288 9
140 319 7
140 369 7
140 370 8
141 87 1
141 96 9
141 215 3
141 222 5
141 248 4
141 311 2
141 386 4
141 388 3
142 178 1
142 264 7
142 308 4
142 441 7
143 10 8
143 110 4
143 315 5
143 496 7
143 503 5
144 15 1
144 22 8
144 70 7
144 108 9
144 171 6
144 249 8
145 153 3
145 163 3
145 298 10
145 325 4
145 513 1
146 77 8
146 151 2
146 412 10
146 443 8
146 512 1
147 41 4
147 192 4
147 242 6
147 324 6
147 392 7
147 406 10
147 433 8
147 449 3
147 495 4
148 77 5
148 108 1
148 125 7
148 198 1
148 226 9
148 297 4
148 391 3
148 419 6
148 430 2
148 447 4
148 466 3
149 59 10
149 231 8
149 288 5
149 361 1
150 36 3
150 39 7
150 164 8
150 207 5
150 231 8
150 273 7
150 297 7
150 442 2
150 467 10
151 311 2
151 366 9
151 506 7
152 61 4
152 87 8
152 126 1
152 198 7
152 285 4
152 455 3
153 20 5
153 25 4
153 100 1
153 170 10
154 83 9
154 161 8
154 376 4
155 59 2
155 172 3
155 242 3
156 56 9
156 113 7
156 157 5
156 188 1
156 193 4
156 269 4
156 291 7
156 341 3
156 357 10
156 391 3
156 485 6
156 493 1
157 7 5
157 17 4
157 63 9
157 72 8
157 75 4
157 124 10
157 179 6
157 182 7
157 283 4
157 344 2
157 394 1
157 421 7
157 469 2
158 51 1
158 58 4
158 141 7
158 224 4
158 344 6
159 184 9
159 218 4
159 239 5
159 248 3
159 464 4
159 467 10
160 483 8
160 500 3
161 22 2
161 264 7
161 282 5
161 371 8
161 406 9
161 505 1
162 325 3
162 434 8
162 492 8
163 275 6
163 442 9
163 447 5
164 44 3
164 121 2
164 147 7
164 150 5
164 221 8
164 251 10
165 25 7
165 255 4
165 272 6
165 282 10
165 467 1
165 483 6
165 489 3
167 45 7
167 71 10
167 95 8
167 201 6
167 248 7
167 370 10
167 391 10
168 64 5
168 119 5
168 141 7
168 182 3
168 205 5
168 444 1
168 481 2
169 8 5
169 32 9
169 334 10
169 352 1
169 453 1
169 466 4
170 7 9
170 45 7
170 181 3
170 222 10
170 238 3
170 274 6
170 360 5
171 142 2
171 161 9
171 240 2
171 264 6
171 293 5
172 11 3
172 127 3
172 170 3
172 219 9
172 231 3
172 296 2
172 472 5
173 78 9
173 302 10
173 308 10
173 357 3
173 389 10
173 402 1
173 431 9
174 3 10
174 8 1
174 196 10
174 328 10
174 435 6
174 465 8
175 33 8
175 48 8
175 250 8
175 265 2
175 281 4
176 58 4
176 86 5
176 233 4
176 250 8
176 357 10
176 422 8
176 451 10
177 13 5
177 81 2
177 91 9
177 232 7
177 284 3
177 395 5
178 46 7
178 53 4
178 77 4
178 192 1
178 203 4
178 271 5
178 316 10
178 334 5
178 452 7
179 102 1
179 188 7
179 268 2
179 381 8
180 21 4
180 157 9
180 416 7
180 419 6
180 488 4
181 209 3
181 275 2
181 482 9
182 19 10
182 40 2
182 249 9
182 299 9
182 306 6
182 311 10
183 79 9
183 192 4
183 272 3
183 420 4
184 63 10
184 136 6
184 235 7
184 426 10
185 33 1
185 72 3
185 84 1
185 367 6
185 477 9
185 483 1
185 486 2
186 68 2
186 99 1
186 226 7
186 298 3
186 345 9
186 402 4
186 430 8
186 444 1
186 460 6
187 11 7
187 439 10
187 508 9
188 147 5
188 168 9
188 201 4
188 206 4
188 249 9
188 297 9
188 329 8
188 330 2
188 417 10
189 6 6
189 28 1
189 129 1
189 255 8
189 323 5
189 419 2
190 14 5
190 52 4
190 204 4
190 243 8
190 260 7
190 273 6
190 370 5
190 414 9
190 416 5
190 459 8
191 22 9
191 81 5
191 98 5
191 189 5
191 252 5
191 347 3
191 490 1
192 195 5
192 203 8
192 212 4
192 270 3
192 375 6
192 452 4
192 453 7
192 456 7
192 477 1
193 100 9
193 119 8
193 144 8
193 206 3
193 321 1
194 52 3
194 183 8
194 324 4
194 493 10
195 7 5
195 92 10
195 232 6
195 368 5
195 482 4
196 19 6
196 108 3
196 152 8
196 346 10
196 369 9
196 375 4
196 500 5
197 6 9
197 97 10
197 125 2
197 205 5
197 211 3
198 99 10
198 105 8
198 112 1
198 180 6
198 245 8
198 303 1
198 305 5
198 344 7
199 60 5
199 85 5
199 110 1
199 170 3
199 201 1
199 214 3
199 277 9
199 446 10
200 340 8
200 404 5
201 150 5
201 193 5
201 213 10
201 243 4
201 244 5
201 267 8
201 281 8
201 314 1
201 407 7
201 455 7
202 90 4
202 468 3
203 13 1
203 89 5
203 159 10
203 206 3
203 209 3
203 264 9
203 333 3
203 337 7
203 484 5
204 5 8
204 76 4
204 169 6
204 225 2
204 266 4
204 328 8
204 445 2
204 462 3
204 471 7
205 34 6
205 189 9
205 286 2
205 417 7
205 418 2
205 419 8
205 491 5
205 504 9
206 15 8
206 21 3
206 59 8
206 78 3
206 104 5
206 299 10
206 316 8
207 262 6
207 294 3
207 343 10
207 397 4
208 112 7
208 299 8
208 316 10
208 335 6
208 413 1
208 422 7
209 39 9
209 65 4
209 202 4
209 244 10
209 247 8
209 270 3
209 445 8
210 90 6
210 135 4
210 295 4
210 297 8
210 358 1
210 407 8
210 464 8
210 470 10
211 30 2
211 99 5
211 151 2
211 164 8
211 198 7
211 219 1
211 299 3
211 303 9
211 347 10
212 39 8
212 105 7
212 135 10
212 190 8
212 285 3
212 329 10
212 378 4
212 453 1
213 54 6
213 173 10
213 224 3
213 287 3
213 338 2
213 418 10
214 125 1
214 193 5
214 206 3
214 281 8
214 286 7
214 303 3
214 340 7
214 475 6
215 2 6
215 25 2
215 26 9
215 52 4
215 187 10
215 191 10
215 295 6
215 322 8
215 404 1
215 425 4
215 450 6
216 58 2
216 206 3
216 226 8
216 341 2
216 447 6
216 490 1
217 276 9
217 410 5
217 413 5
217 476 1
218 88 6
218 91 4
218 170 3
218 340 2
219 10 8
219 208 10
219 242 8
219 284 2
220 5 7
220 260 5
220 262 10
220 381 10
221 1 6
221 69 3
221 82 9
221 93 7
221 190 10
221 241 8
221 357 9
222 105 5
222 301 3
222 381 1
222 498 7
223 12 3
223 72 4
223 168 5
223 201 5
223 324 2
223 374 1
223 442 1
223 484 4
223 496 7
224 95 4
224 115 7
224 212 10
224 265 3
224 304 8
224 354 10
224 417 7
224 422 6
224 431 6
225 73 6
225 222 5
225 303 1
225 343 10
225 344 5
225 443 7
225 493 9
226 53 4
226 93 6
226 112 6
226 126 9
226 161 8
226 188 4
226 223 3
226 238 1
226 507 8
227 210 9
227 218 4
227 348 9
227 351 9
227 417 9
228 51 7
228 85 4
228 170 5
228 209 6
228 257 8
228 392 5
228 439 5
229 38 4
229 109 10
229 144 3
229 160 1
229 378 7
229 436 3
230 104 10
230 239 3
230 334 2
230 339 1
231 42 7
231 66 9
231 235 6
231 399 7
232 125 6
232 173 9
232 231 9
232 290 6
232 486 9
233 172 9
233 258 1
233 310 7
234 147 7
234 458 9
235 53 3
235 99 10
235 261 6
235 273 10
235 308 7
235 408 10
235 450 7
235 454 3
236 305 9
236 465 9
237 15 3
237 27 7
237 105 1
237 194 5
237 374 10
237 480 2
237 483 5
238 24 8
238 75 10
238 150 2
238 217 4
238 253 7
238 302 10
238 424 4
238 448 4
238 461 8
238 497 2
239 120 4
239 139 6
239 156 10
239 340 3
239 393 8
239 502 1
240 10 8
240 57 10
240 136 9
240 386 7
240 397 6
240 500 1
241 183 7
241 194 4
241 241 6
241 264 4
241 344 6
241 375 10
241 380 5
241 434 10
241 480 4
242 4 2
242 146 1
242 382 7
243 53 7
243 132 8
243 159 8
243 175 10
243 219 1
243 228 6
243 317 3
243 428 5
243 505 3
244 1 4
244 50 9
244 138 3
244 174 4
244 273 6
244 315 2
244 422 2
244 469 4
244 480 7
245 122 5
245 240 2
245 301 2
245 421 10
245 471 7
245 486 7
246 45 1
246 59 1
246 78 6
246 87 6
246 121 2
246 264 7
246 308 2
246 485 8
247 154 4
247 268 9
248 229 9
248 237 6
248 270 6
249 18 3
249 29 10
249 31 9
249 126 6
249 182 10
249 277 1
249 391 1
249 410 5
249 441 4
249 469 5
249 507 10
250 385 10
250 451 9
251 31 4
251 452 3
252 3 10
252 8 10
252 20 9
252 56 2
252 223 1
252 239 7
252 366 7
252 375 4
252 464 5
253 92 8
253 94 4
253 151 10
253 189 6
253 371 2
253 433 5
253 501 2
254 164 7
254 253 7
254 254 2
254 269 4
254 284 6
254 435 4
255 94 5
255 97 3
255 248 7
255 288 9
255 453 4
256 65 8
256 248 9
256 299 7
256 308 10
256 398 10
256 472 7
256 503 10
257 95 1
257 164 9
257 325 8
257 452 7
257 488 2
258 17 2
258 49 6
258 226 5
258 354 3
258 404 3
258 470 9
259 7 8
259 116 6
259 192 5
259 222 6
259 321 7
259 371 8
260 29 3
260 39 2
260 103 4
260 112 5
260 160 8
260 216 2
260 244 9
260 315 5
260 353 2
260 420 5
260 442 6
261 23 3
261 84 3
261 102 8
261 125 3
261 182 1
261 307 5
261 319 1
261 427 3
261 437 9
262 95 8
262 198 9
262 224 1
262 374 1
263 116 7
263 179 10
263 290 6
263 355 3
263 454 5
264 73 5
264 234 1
264 282 8
264 289 6
264 295 6
264 341 4
265 122 4
265 134 8
265 141 4
265 151 10
265 480 1
266 118 9
266 165 8
266 199 4
266 306 3
266 324 5
266 511 8
267 33 4
267 52 1
267 99 9
267 186 8
267 320 9
267 343 8
267 404 6
267 447 10
267 455 8
267 505 5
268 21 1
268 61 6
268 107 9
268 125 8
268 324 10
268 507 9
269 71 7
269 451 5
270 164 5
270 235 10
270 365 10
270 404 4
270 406 4
270 478 2
271 27 6
271 182 4
271 210 1
271 281 9
271 337 8
271 349 5
272 155 7
272 350 1
272 372 5
272 407 7
272 462 10
273 138 6
273 207 6
273 226 8
273 299 7
273 339 4
273 342 4
273 345 7
273 390 9
273 404 2
273 441 4
273 448 10
274 215 3
274 216 2
274 251 6
274 275 9
274 405 2
274 468 8
274 472 4
275 125 7
275 265 9
275 351 9
276 147 2
276 148 9
276 184 10
276 221 9
276 248 5
276 353 6
276 461 2
276 469 1
276 491 4
277 12 3
277 201 6
277 237 1
277 430 10
277 485 2
278 232 4
278 289 3
278 387 1
279 68 4
279 233 7
279 270 6
279 273 5
279 342 9
279 419 8
279 474 1
280 150 7
280 257 9
280 297 8
280 303 10
280 384 7
280 392 8
281 14 8
281 174 10
281 277 8
281 313 7
281 364 8
281 379 2
282 187 4
282 271 1
282 332 2
282 369 9
282 430 4
282 506 10
283 46 10
283 63 5
283 195 3
283 298 5
283 318 10
283 465 3
284 86 1
284 215 6
285 195 9
285 206 5
285 269 4
285 341 6
285 396 7
286 26 2
286 75 6
286 90 4
286 94 1
286 140 4
286 165 1
286 176 10
286 177 3
286 246 8
286 275 9
286 277 2
286 299 1
286 417 4
286 500 3
287 51 5
287 84 5
287 230 8
287 239 6
287 290 6
287 330 2
287 466 8
287 479 10
288 214 1
288 341 3
289 49 2
289 134 6
289 136 3
289 137 9
289 139 1
289 217 10
289 282 5
289 308 2
289 373 5
289 418 9
289 428 4
289 511 10
290 13 1
290 213 4
290 357 2
290 366 1
290 385 4
290 446 3
291 8 3
291 306 7
291 316 5
292 41 7
292 103 1
292 206 4
292 278 2
292 291 6
292 359 6
292 397 2
293 32 8
293 99 6
293 113 4
293 175 1
293 363 4
293 452 6
294 77 9
294 180 4
294 202 5
294 412 4
294 464 6
295 152 1
295 427 4
295 451 9
295 462 10
295 473 6
296 16 4
296 108 3
296 109 6
296 135 7
296 157 5
296 165 9
296 439 6
297 74 2
297 144 7
297 213 6
297 228 5
297 246 9
297 294 4
298 104 10
298 484 10
299 201 3
299 226 8
300 40 5
300 86 5
300 137 3
300 202 2
300 212 4
300 429 6
300 454 8
301 27 9
301 86 3
301 160 8
301 456 2
301 475 4
302 81 9
302 255 7
303 130 9
303 465 1
304 56 5
304 187 8
304 209 7
304 342 5
305 180 3
305 281 8
305 356 1
305 433 10
305 462 5
305 493 1
305 495 5
306 21 6
306 55 10
306 327 7
306 342 3
306 348 6
307 83 2
307 181 7
307 268 7
307 339 7
307 349 3
307 417 4
307 445 5
308 24 7
308 43 3
308 48 6
308 83 2
308 285 3
308 453 4
308 460 1
308 478 3
308 503 8
309 12 8
309 20 2
309 65 2
309 193 10
309 194 1
309 248 5
309 321 1
309 428 5
309 481 5
310 188 6
310 196 1
310 382 7
310 476 2
311 239 5
311 319 2
311 333 5
311 442 2
311 446 1
312 72 1
312 77 6
312 178 4
312 210 7
312 212 4
312 286 9
312 342 2
312 385 6
312 412 1
312 421 8
312 443 8
312 483 6
313 74 5
313 312 7
313 397 9
313 492 9
314 97 8
314 167 9
314 391 3
314 422 8
315 113 4
315 171 9
315 273 3
315 378 6
316 44 5
316 68 7
316 184 2
316 249 7
316 267 1
317 188 5
317 204 7
317 228 4
317 296 2
317 320 2
317 323 10
317 341 6
317 449 2
318 412 4
318 423 3
318 508 5
319 80 1
319 95 10
319 135 10
319 160 7
319 230 8
319 243 8
319 270 7
319 294 5
319 361 8
319 473 1
320 7 2
320 143 1
320 196 10
320 247 5
320 279 8
320 388 4
320 397 1
321 20 2
321 167 2
321 208 3
321 383 6
321 404 10
321 432 6
321 453 10
322 79 2
322 138 8
322 175 5
322 184 3
322 187 1
322 385 9
322 424 7
322 468 3
322 507 10
323 6 8
323 47 9
323 263 7
323 288 7
324 13 6
324 196 1
324 222 5
324 232 6
324 246 2
324 248 7
324 258 5
325 170 8
325 208 7
325 249 1
325 505 8
326 43 8
326 65 2
326 142 3
326 228 5
326 461 2
327 3 8
327 77 4
327 136 5
327 187 7
327 392 10
327 435 9
328 44 9
328 179 8
328 195 8
328 296 1
329 75 7
329 98 5
329 107 10
329 394 5
329 396 4
329 442 5
329 455 5
329 505 10
330 101 2
330 253 9
330 278 6
330 418 7
330 498 6
331 294 4
331 405 9
331 441 4
332 32 1
332 123 10
332 178 6
332 463 6
332 472 1
333 140 5
333 155 1
333 276 7
333 385 4
333 415 1
333 467 6
333 504 2
334 27 8
334 81 3
334 118 3
334 173 7
334 191 9
334 240 2
334 324 1
334 361 2
334 463 8
335 17 8
335 266 1
335 282 9
335 417 6
335 464 9
336 5 7
336 44 1
336 73 2
336 96 5
336 135 6
336 287 5
336 310 7
336 372 3
336 429 2
336 481 9
336 494 10
336 495 2
337 41 6
337 285 3
337 309 2
337 338 1
337 415 4
337 479 2
337 505 3
338 72 6
338 161 10
338 227 1
338 237 9
338 333 10
338 377 5
338 384 6
339 31 9
339 98 7
339 150 7
339 409 4
340 44 7
340 58 3
340 159 5
340 315 1
340 329 10
340 350 2
340 372 5
340 402 6
340 431 5
341 38 8
341 92 4
341 101 4
341 486 9
342 27 1
342 66 6
342 370 3
342 430 1
343 179 9
343 381 6
344 38 5
344 154 7
344 175 5
344 195 6
344 204 5
344 347 6
345 3 2
345 37 3
345 136 5
345 316 8
345 363 9
345 452 8
346 4 5
346 45 3
346 117 4
346 207 5
346 246 4
346 427 6
346 461 1
347 46 9
347 96 10
347 308 8
347 443 5
348 7 5
348 10 8
348 21 5
348 33 10
348 64 2
348 214 8
349 12 10
349 66 7
349 91 2
349 128 8
349 131 1
349 393 9
349 411 5
349 419 7
349 441 10
350 98 7
350 120 3
350 231 10
350 324 5
350 385 10
350 435 4
350 473 9
350 491 6
350 504 10
350 506 3
351 137 1
351 152 2
351 155 3
351 168 2
351 176 9
351 197 7
351 413 6
351 414 8
352 70 4
352 85 7
352 122 10
352 254 3
352 298 8
353 17 6
353 92 4
353 130 8
353 183 9
353 197 3
353 434 2
353 499 7
354 17 4
354 134 8
354 394 9
354 401 3
355 64 4
355 166 10
355 238 8
355 277 2
355 360 5
356 221 9
356 290 4
356 334 7
356 375 10
356 441 7
356 460 10
357 104 10
357 207 5
357 214 7
357 227 8
357 313 10
357 362 3
357 482 9
358 215 2
358 237 3
358 276 4
358 298 8
358 429 10
359 11 4
359 40 2
359 67 3
359 111 10
359 176 5
359 228 10
359 271 10
359 281 10
359 415 3
359 452 10
360 10 9
360 21 6
360 62 6
360 143 8
360 334 10
360 342 3
361 138 7
361 285 8
361 321 4
361 369 9
361 381 4
361 462 1
362 177 6
362 227 4
362 235 5
362 256 6
362 267 7
362 283 7
362 432 9
363 177 4
363 300 8
363 372 5
363 393 7
363 408 10
364 81 4
364 84 4
364 326 1
365 31 4
365 53 3
365 122 3
365 203 5
365 258 1
365 308 9
365 348 2
365 362 10
365 368 10
365 372 6
365 385 7
365 513 7
366 60 10
366 294 7
367 35 2
367 163 10
367 219 4
367 320 5
367 430 4
367 502 9
368 22 2
368 144 3
368 267 9
368 284 7
368 484 2
369 37 3
369 182 4
369 225 2
369 321 7
369 413 9
369 422 4
369 432 2
369 497 1
370 276 9
370 388 8
370 420 3
370 480 9
370 507 9
371 35 3
371 77 8
372 90 5
372 97 1
372 186 6
372 234 4
372 295 7
373 7 7
373 88 5
373 104 10
373 171 4
373 365 10
373 379 8
373 441 7
374 87 2
374 218 6
374 230 3
374 329 4
374 417 9
375 4 8
375 90 7
375 96 7
375 100 6
375 179 10
375 285 10
375 336 8
375 487 8
376 102 7
376 172 1
376 267 8
376 316 7
376 486 5
377 126 5
377 159 3
377 367 5
377 420 2
377 435 8
377 468 1
378 296 9
378 499 2
379 70 2
379 359 4
379 500 2
380 356 9
380 366 10
380 480 5
381 145 6
381 214 4
381 308 8
381 325 6
381 354 4
382 105 6
382 203 2
382 354 1
382 458 8
383 90 3
383 92 9
383 396 7
383 460 1
384 55 1
384 338 5
384 484 10
385 65 5
385 291 1
385 366 2
385 472 1
386 162 3
386 179 10
386 236 1
386 441 3
387 120 1
387 131 2
387 209 6
387 218 4
387 271 2
387 353 7
387 421 9
387 506 7
388 116 10
388 210 8
388 327 5
389 48 3
389 91 4
389 154 8
389 232 4
389 249 3
389 285 1
389 465 4
389 468 9
390 139 3
390 149 6
390 180 5
390 186 2
390 232 2
390 312 6
390 318 4
390 491 2
391 239 10
391 255 5
391 259 2
391 287 2
391 321 5
392 25 5
392 48 9
392 106 1
392 213 8
392 378 5
393 121 9
394 74 6
394 123 4
394 199 8
394 323 10
395 18 9
395 153 3
395 214 8
395 215 4
395 260 5
395 306 10
396 16 9
396 41 6
396 107 2
396 198 4
396 214 10
396 303 6
396 347 5
396 375 7
396 381 9
396 403 6
396 505 6
397 21 3
397 75 9
397 105 7
397 189 9
397 303 5
397 371 5
397 467 1
398 60 2
398 108 9
398 192 9
398 193 7
398 288 5
398 489 9
398 512 9
399 94 3
399 248 1
399 299 8
400 179 8
400 181 6
400 313 7
400 327 6
400 350 1
400 370 10
401 65 9
401 160 2
401 175 5
401 280 3
401 289 9
401 349 5
402 98 10
402 131 6
402 159 9
402 194 8
402 201 3
402 229 10
402 395 2
403 201 9
403 405 10
403 497 5
403 510 10
404 70 1
404 132 1
404 160 6
404 399 9
404 441 1
404 452 10
405 22 9
405 28 8
405 118 7
405 133 6
405 309 6
405 414 2
406 162 8
406 184 8
406 195 2
406 417 10
406 439 4
406 467 4
406 508 10
407 8 9
407 67 5
407 71 5
407 190 9
407 355 2
408 61 9
408 107 8
408 193 5
408 330 10
408 432 10
408 486 9
409 28 1
409 180 10
409 246 1
409 306 6
409 414 10
410 50 4
410 124 5
410 238 8
410 324 1
411 16 1
411 49 6
411 75 9
411 156 4
411 176 3
411 188 6
411 281 5
412 35 4
412 47 9
412 97 10
412 215 3
412 378 9
412 454 4
413 151 10
413 218 8
413 225 7
413 244 10
413 296 7
413 343 1
413 371 9
414 47 8
414 104 1
414 170 9
414 269 9
414 439 3
415 152 6
415 187 8
415 220 6
415 269 10
415 347 8
415 406 7
415 408 2
415 479 3
416 152 7
416 176 7
416 202 5
416 314 2
416 385 1
417 39 9
417 106 10
417 118 10
417 205 3
417 266 9
417 267 5
417 272 4
417 291 8
417 317 1
417 351 4
417 384 6
417 438 3
417 441 4
418 7 4
418 60 5
418 120 5
418 265 2
418 275 8
418 278 10
419 10 10
419 35 3
419 41 2
419 159 9
419 188 1
419 307 3
419 317 1
419 325 7
419 336 2
420 50 7
420 68 10
420 96 2
420 143 7
420 270 10
420 279 4
420 304 2
420 402 10
420 425 8
420 456 5
421 19 9
421 212 1
421 283 8
422 45 4
422 410 5
422 428 2
422 435 9
422 447 10
423 43 6
423 71 1
423 79 9
423 89 7
423 96 2
423 136 3
423 226 8
423 301 2
423 413 4
423 435 3
423 479 2
423 511 2
424 114 4
424 215 10
424 377 4
425 6 5
425 30 9
425 55 5
425 89 10
425 113 10
425 131 6
425 135 10
425 150 4
425 194 4
425 211 10
425 350 4
425 405 9
425 506 6
426 29 5
426 50 8
426 73 5
426 83 2
426 161 10
426 296 5
426 358 8
427 22 3
427 261 8
427 292 8
427 295 4
427 326 3
427 406 10
428 8 7
428 73 6
428 301 3
428 324 8
428 328 9
428 473 9
429 8 6
429 93 3
429 187 9
429 275 5
429 364 8
429 426 8
429 441 1
430 10 3
430 135 9
430 219 4
431 72 4
431 117 6
431 164 10
431 173 1
431 206 3
431 232 1
431 252 2
431 262 7
431 274 10
431 316 4
431 419 4
432 47 7
432 169 9
432 211 6
432 243 8
432 319 5
432 353 4
433 2 10
433 254 2
433 412 2
433 466 1
433 509 8
434 16 7
434 75 1
434 101 4
434 151 6
434 229 10
434 387 4
434 389 9
435 31 8
435 46 9
435 111 4
435 112 3
435 120 8
435 148 4
435 170 5
435 390 10
435 424 7
436 6 4
436 24 2
436 29 2
436 63 7
436 153 8
436 191 10
436 230 5
437 62 6
437 86 4
437 136 10
437 158 7
437 160 7
437 308 1
437 479 7
438 22 6
438 32 9
438 98 7
438 471 10
439 69 5
439 285 6
439 305 5
439 455 5
440 46 5
440 48 6
440 124 8
440 138 10
440 165 3
440 339 3
440 438 6
440 483 3
441 53 9
441 100 9
441 165 6
441 259 10
441 293 8
441 379 3
441 454 1
441 478 4
442 114 10
442 342 4
442 382 3
442 483 9
443 25 2
443 210 5
443 364 7
444 46 8
444 82 4
444 236 6
444 269 9
444 391 10
444 394 1
445 8 5
445 43 4
445 119 8
445 216 10
445 336 3
445 345 9
445 442 3
445 472 7
445 485 6
445 497 7
446 21 5
446 157 7
446 256 2
446 294 6
446 307 6
446 462 6
447 407 6
448 77 9
448 124 8
448 131 1
448 162 3
448 328 6
448 348 2
449 116 7
449 167 2
449 242 1
449 247 2
449 279 7
449 297 1
450 77 1
450 87 10
450 114 6
450 438 6
451 26 9
451 73 5
451 86 10
451 448 9
452 49 9
452 76 6
452 99 4
452 231 7
452 277 2
452 366 10
452 373 10
452 412 9
453 9 5
453 11 6
453 95 4
453 299 5
453 392 5
453 483 6
453 491 9
454 66 10
454 142 10
454 326 6
454 344 3
454 355 10
454 448 9
454 499 2
455 10 1
455 27 2
455 56 3
455 80 8
455 108 9
455 206 3
455 360 2
456 103 9
456 105 1
456 129 3
456 201 6
457 66 6
457 108 9
457 194 8
457 223 8
457 238 9
457 321 6
458 43 4
458 99 6
458 125 2
458 136 9
458 139 10
458 215 7
458 319 7
458 370 1
458 414 6
458 472 4
459 88 5
459 178 8
459 182 5
459 190 8
459 239 10
459 375 6
459 402 2
459 484 7
460 237 4
460 277 4
460 340 10
460 488 4
460 513 6
461 54 2
461 78 10
461 107 4
461 149 3
461 171 7
461 197 1
461 236 3
461 462 4
462 47 4
462 87 8
462 94 5
462 100 4
462 132 9
462 138 4
462 378 3
462 415 1
462 508 1
463 30 6
463 43 5
463 189 10
463 204 10
463 211 5
463 326 9
463 376 7
463 475 6
464 61 7
464 142 1
464 178 2
464 202 7
464 203 4
464 472 9
465 3 10
465 13 5
465 61 2
465 75 2
465 367 1
465 374 4
465 380 4
466 26 7
466 158 8
466 189 3
466 233 3
466 283 3
466 379 1
466 386 8
466 404 5
466 451 1
466 503 9
467 154 3
467 160 8
467 278 10
467 362 2
468 127 2
468 173 1
468 193 1
468 504 9
469 127 7
469 172 1
469 327 10
469 416 5
469 425 6
469 493 1
469 494 5
470 149 1
470 234 4
470 383 8
470 387 3
470 438 8
471 121 4
471 137 9
471 226 5
471 347 6
472 126 4
472 256 7
472 276 9
472 280 1
472 314 4
472 326 1
472 334 1
472 372 6
472 416 8
472 418 1
473 114 9
473 138 1
473 139 1
473 240 9
473 339 2
473 397 9
473 500 9
473 501 3
473 510 4
474 43 7
474 177 3
474 343 10
474 364 7
475 38 7
475 61 9
475 138 9
475 177 4
475 205 2
475 210 10
475 219 10
475 236 8
475 270 3
475 436 8
475 497 8
476 181 5
476 273 1
476 302 8
476 333 6
477 121 8
477 228 8
477 340 8
477 369 7
477 421 8
477 433 10
477 442 5
478 56 9
478 335 10
478 344 6
478 363 2
479 173 5
479 235 2
479 237 6
480 150 4
480 210 8
480 245 2
480 389 3
480 480 8
481 65 7
481 177 6
481 185 9
481 260 6
481 338 5
482 96 3
482 107 6
482 231 2
482 301 8
483 78 6
483 125 10
483 263 5
483 332 4
483 448 7
483 467 2
484 146 2
484 422 6
484 485 3
485 22 6
485 44 7
485 229 2
485 243 1
485 246 10
485 316 7
485 346 2
486 11 5
486 77 10
486 430 1
487 10 7
487 13 4
487 34 1
487 92 5
487 110 2
487 151 9
487 160 3
487 444 6
487 485 2
488 17 8
488 39 8
488 77 1
488 172 5
488 186 9
488 187 5
488 219 10
488 235 7
488 295 6
488 357 1
488 400 4
489 43 8
489 92 7
489 153 10
489 160 1
489 168 9
489 171 9
489 242 7
489 268 3
489 274 4
489 369 7
489 442 5
489 490 2
490 158 2
490 172 5
490 312 6
490 329 3
490 336 6
490 393 8
490 405 1
490 428 9
490 499 7
491 3 10
491 130 9
491 340 2
491 343 8
491 482 5
492 101 1
492 127 6
492 200 2
492 438 4
493 8 9
493 39 9
493 344 10
493 487 9
494 195 9
494 200 10
494 238 9
494 335 8
494 358 2
494 366 2
494 438 4
494 500 9
495 146 5
495 180 7
495 280 3
496 11 3
496 29 2
496 60 10
496 72 2
496 461 2
497 1 8
497 295 9
497 311 1
497 329 8
497 359 10
497 367 10
497 464 2
497 484 2
498 118 5
499 27 3
499 47 5
499 110 5
499 157 3
499 418 6
499 435 5
499 481 4
500 259 6
500 297 4
500 306 1
500 510 9
501 102 5
501 159 6
501 201 7
502 52 2
502 231 2
502 332 2
502 390 4
503 14 3
503 83 1
503 184 5
503 364 6
504 32 9
504 248 3
504 407 8
505 9 8
505 39 4
505 234 7
505 294 10
505 331 6
505 415 3
505 472 2
505 482 2
505 496 8
506 32 7
506 126 8
506 211 2
506 264 10
506 366 3
507 85 5
507 220 10
507 300 3
507 392 2
507 442 5
507 469 10
507 507 3
508 53 8
508 73 1
508 139 8
508 148 3
508 161 3
508 180 4
508 222 10
508 252 3
508 266 9
508 306 8
509 34 1
509 131 2
509 187 4
509 204 10
509 209 9
509 225 7
509 291 3
509 474 1
509 475 6
510 65 9
510 100 8
510 158 7
510 222 10
510 228 2
510 246 4
510 259 9
510 284 4
510 289 5
510 314 5
510 392 5
510 446 9
510 455 5
511 177 7
511 189 8
511 266 9
511 343 10
511 420 1
511 505 8
511 506 2
512 26 1
512 68 5
512 220 2
512 379 3
513 21 9
513 32 3
513 86 3
513 145 7
513 262 8
513 353 3
513 399 4
513 421 8
513 424 2

