64 103
2 5 107
2 48 198
3 37 35
4 39 76
4 52 193
6 37 171
6 38 49
7 11 53
9 1 150
9 2 155
9 54 30
12 1 93
12 2 184
12 14 75
12 16 141
12 29 67
13 4 139
13 60 14
14 4 190
14 36 172
14 54 52
15 28 197
16 46 26
17 3 133
17 52 186
18 44 193
19 11 62
19 58 41
20 30 33
20 35 44
21 52 94
23 9 139
23 17 193
23 46 128
24 12 166
24 31 186
24 50 51
26 14 15
27 5 38
28 57 200
29 12 121
29 31 20
29 33 45
30 21 104
30 35 46
30 36 185
30 61 170
31 12 184
31 64 150
32 22 112
32 27 108
32 45 1
33 29 60
33 55 85
34 11 86
34 28 197
34 47 77
35 9 147
35 19 37
36 32 109
38 23 190
38 34 82
39 4 199
39 42 135
41 24 161
42 6 164
42 29 120
42 31 11
42 50 178
42 55 109
43 18 163
44 59 99
45 12 80
45 15 7
46 62 154
47 9 126
47 48 191
48 17 76
48 48 61
49 6 93
50 20 139
50 48 168
50 62 45
51 34 198
51 46 4
52 56 130
53 17 194
53 60 80
54 7 77
54 57 182
56 42 140
58 8 18
58 29 63
58 52 138
59 42 152
60 29 23
62 9 54
62 23 71
63 2 186
63 54 31
63 64 132
64 6 148
64 51 81

