257 1138
1 32 3
1 141 9
1 160 1
2 27 10
2 162 2
2 166 4
2 180 9
3 45 8
3 53 8
3 178 2
4 104 5
4 119 7
4 144 6
4 185 6
4 197 4
5 31 3
5 98 7
6 25 2
6 59 10
7 85 1
7 153 7
7 161 2
7 197 10
7 206 3
9 2 8
9 96 9
9 117 7
10 41 7
10 45 9
10 120 3
10 171 6
10 180 1
10 232 1
11 10 7
11 37 1
11 126 4
11 235 2
11 243 1
12 59 3
12 77 9
12 143 3
12 145 9
12 193 5
13 25 8
13 52 4
14 19 1
14 41 2
14 57 2
14 130 2
14 149 3
14 232 4
15 11 10
15 20 5
15 27 6
15 51 3
15 71 4
15 85 6
15 191 1
16 26 3
16 36 4
16 50 5
16 123 8
16 143 4
16 156 7
16 167 4
17 3 6
17 103 2
17 107 7
17 169 7
18 30 6
18 62 5
18 117 1
18 119 4
18 129 2
18 130 10
19 36 9
19 49 4
19 54 1
19 69 10
19 124 5
19 175 5
20 25 6
20 227 4
20 235 9
21 42 1
21 47 8
21 52 5
21 71 6
21 82 1
21 84 7
21 179 9
21 222 7
22 33 6
22 149 4
22 176 6
23 19 2
23 59 10
23 68 7
23 135 8
23 215 8
23 219 3
23 231 5
23 235 10
23 248 8
24 8 6
24 131 9
24 162 7
24 181 9
25 27 1
25 53 6
25 57 5
25 71 5
25 96 1
25 97 10
25 100 6
25 113 3
26 64 10
26 145 2
27 66 8
27 97 2
27 107 10
27 127 6
27 220 8
28 9 5
28 126 10
28 131 3
28 173 6
28 180 1
28 201 2
28 206 4
28 239 10
29 57 6
29 74 8
29 154 9
30 48 3
30 49 5
30 79 9
30 83 1
30 141 5
30 213 1
31 170 7
31 187 9
31 190 7
32 4 9
32 8 8
32 39 2
32 57 2
32 85 7
32 125 3
32 152 1
32 189 8
32 192 4
32 224 9
32 243 8
33 69 9
34 78 10
34 158 2
34 166 6
34 172 10
34 193 5
35 9 9
35 17 1
35 68 10
35 77 8
35 227 1
35 236 5
35 252 4
36 9 1
36 33 5
36 51 8
36 127 1
36 144 3
36 176 6
36 232 7
36 255 4
37 36 6
37 63 1
37 217 7
37 239 4
38 19 5
38 85 7
38 87 4
38 134 9
38 198 7
38 221 3
39 60 9
39 79 6
39 115 4
39 192 4
39 250 7
40 7 9
40 27 5
40 155 7
40 214 10
41 6 4
41 24 9
41 37 6
41 53 8
41 74 9
41 140 3
41 152 5
41 253 1
42 26 5
42 89 3
42 98 8
42 141 10
42 189 10
42 206 10
43 205 6
44 69 5
44 195 4
44 234 5
45 10 8
45 24 4
45 51 3
45 131 10
45 214 2
45 232 9
46 30 6
46 31 6
46 126 5
46 181 6
46 187 2
46 200 4
47 69 7
47 113 5
47 136 2
47 201 3
47 209 2
47 239 3
47 257 5
48 112 9
48 126 3
48 128 1
48 149 3
49 114 2
49 164 1
49 174 4
49 190 1
49 253 8
50 111 8
50 116 7
50 156 4
51 137 8
51 141 2
51 148 7
53 18 9
53 46 4
53 62 7
53 106 4
53 148 1
53 157 1
53 213 9
54 38 2
54 120 6
54 174 6
55 47 8
55 102 8
55 132 10
55 168 2
55 203 2
55 215 4
55 227 10
56 1 4
57 16 4
57 98 4
57 139 8
58 94 6
58 221 9
58 226 10
58 241 6
59 76 6
59 245 6
59 249 9
60 131 3
60 144 10
60 219 7
61 22 2
61 43 3
61 58 3
61 85 7
61 173 5
61 201 6
61 217 8
61 242 6
62 40 1
62 68 5
62 117 5
62 220 8
63 77 4
63 78 6
63 90 1
63 93 9
63 129 7
63 238 5
64 6 4
64 13 10
64 58 4
64 103 10
64 142 8
64 165 3
64 174 5
64 206 6
64 232 1
64 257 5
65 24 10
65 74 10
65 86 2
65 242 3
66 55 2
66 95 4
67 10 10
67 129 8
67 237 1
68 63 9
68 107 3
68 181 2
68 213 3
68 242 9
69 194 1
69 195 8
70 10 5
70 49 2
70 60 6
70 78 1
70 90 6
70 160 1
70 173 3
70 221 9
70 245 10
71 39 10
71 64 3
71 80 6
71 96 7
71 97 3
71 113 1
71 129 7
71 181 2
71 182 4
72 4 9
72 38 5
72 183 9
72 257 10
73 33 2
73 35 10
73 44 8
73 253 6
74 7 1
74 59 2
74 66 5
74 79 1
74 181 1
75 37 9
75 63 2
75 65 6
75 66 1
75 178 9
75 231 7
76 4 3
76 18 9
76 71 8
76 135 5
76 186 2
76 191 6
76 221 1
77 20 4
77 116 8
77 121 9
77 177 8
77 186 1
77 209 8
77 251 2
78 41 1
78 142 9
78 164 4
78 170 10
78 179 9
78 227 1
79 125 2
79 153 10
79 167 5
79 178 3
79 217 1
80 12 5
80 54 6
80 110 8
80 216 6
81 14 5
81 114 6
81 122 8
81 131 3
81 140 6
81 204 2
81 242 6
81 243 1
82 31 5
82 226 10
82 256 8
83 67 3
84 88 7
84 199 10
84 206 2
85 11 10
85 91 10
85 232 1
85 246 5
85 247 10
86 12 1
86 63 6
86 129 1
86 234 10
87 48 10
87 149 5
87 249 2
88 120 5
88 121 1
88 129 2
88 144 2
88 192 7
89 38 9
89 62 9
89 148 1
89 214 4
90 84 3
90 133 7
90 137 6
90 145 7
90 225 8
91 42 3
91 49 9
91 72 6
91 87 4
91 108 3
91 170 5
91 257 4
92 20 3
92 27 2
92 174 5
92 179 3
92 245 7
92 255 7
93 63 4
93 71 6
94 35 2
94 91 8
94 97 2
94 200 4
95 33 1
95 196 5
96 116 2
96 168 9
96 246 6
97 23 4
97 76 5
97 107 8
97 132 10
97 181 10
97 250 6
98 24 9
98 156 5
98 164 6
98 255 6
99 2 8
99 99 8
99 211 3
99 242 1
99 244 2
100 155 4
100 238 5
101 98 4
101 131 10
101 248 2
102 63 10
102 88 7
102 215 5
103 192 9
103 196 1
103 204 10
103 214 9
104 131 7
104 178 1
104 205 7
104 243 2
105 121 4
105 155 1
105 170 9
105 246 6
106 47 1
106 54 4
106 118 6
106 152 7
107 13 10
107 92 2
107 171 4
107 187 9
107 199 6
107 210 5
107 223 1
108 48 9
108 151 1
109 72 6
109 224 10
110 103 4
111 4 5
111 14 8
111 94 8
111 97 5
111 111 10
112 112 7
112 131 3
112 232 7
113 85 9
113 99 2
113 131 8
114 7 3
114 82 4
114 113 7
115 69 10
115 93 6
115 143 2
115 190 5
115 232 2
116 19 3
116 173 6
117 18 6
117 25 2
117 26 3
117 30 2
117 90 2
117 141 1
117 158 2
117 222 9
117 237 2
118 76 8
119 74 4
119 116 10
120 65 5
120 242 10
120 244 9
120 255 4
121 48 3
121 57 5
121 144 2
121 147 6
122 75 3
122 230 6
123 1 9
123 156 1
123 181 5
123 206 5
124 24 2
124 73 10
124 101 6
124 241 7
125 155 7
125 186 1
126 116 8
126 170 10
126 189 4
126 244 1
127 29 2
127 149 6
127 163 9
127 180 4
127 182 3
128 67 4
128 84 3
128 150 9
128 168 4
128 230 3
128 244 2
129 16 8
129 39 8
129 52 6
129 56 3
129 63 2
129 82 1
129 103 1
129 143 2
129 207 8
129 251 5
130 9 5
130 10 9
130 110 3
130 128 1
130 248 5
131 43 3
131 61 10
132 29 6
132 93 7
133 27 2
133 50 8
133 120 4
133 227 1
134 34 3
134 174 8
134 238 6
136 15 5
136 16 6
136 230 9
137 162 9
137 224 10
138 25 8
138 103 6
138 148 7
138 158 10
138 167 9
138 191 9
138 218 3
139 84 10
139 150 6
140 62 7
140 69 7
140 112 4
140 247 9
140 255 7
141 10 1
141 25 4
141 102 9
141 200 6
141 219 2
141 220 10
141 232 5
142 73 7
142 168 2
142 223 7
143 104 4
143 170 8
143 174 3
143 222 1
144 85 8
144 223 2
144 242 2
145 14 6
145 113 9
145 126 8
145 165 7
146 47 8
146 106 7
146 112 9
147 63 9
147 121 4
147 244 8
148 36 5
148 45 10
148 88 8
148 102 4
148 160 2
148 257 1
149 113 4
149 145 9
149 235 4
150 63 3
150 93 4
150 119 10
150 169 7
150 213 10
151 31 3
151 124 4
151 145 5
151 157 4
151 227 1
152 220 6
152 235 5
152 252 8
153 1 6
153 23 5
153 65 5
153 126 5
153 208 3
154 84 5
154 169 4
154 177 8
154 203 2
154 252 10
155 12 7
155 13 10
155 35 5
155 143 10
155 155 10
155 165 8
155 172 9
155 205 4
155 210 3
156 18 2
156 41 3
156 222 9
156 242 3
157 103 8
157 143 4
157 165 7
157 166 3
157 195 6
157 254 4
158 73 7
158 116 4
158 124 10
158 153 3
158 178 10
159 4 4
159 27 5
159 83 4
159 200 7
159 202 3
159 204 6
159 214 9
160 35 1
160 133 5
160 199 5
161 55 1
161 238 6
161 245 3
162 24 9
162 44 1
162 48 7
162 151 2
162 153 6
162 157 7
162 191 4
162 242 5
163 23 10
163 92 1
163 228 7
163 238 5
164 11 4
164 93 5
164 129 10
164 181 5
164 184 8
165 36 9
165 80 9
165 219 2
165 229 5
166 28 7
166 35 4
166 55 10
166 59 5
166 120 5
166 141 6
166 145 10
167 62 7
167 112 3
167 204 4
167 206 5
168 91 6
168 129 2
168 189 8
168 191 1
169 52 8
169 131 1
169 160 5
169 178 9
169 219 3
169 241 1
170 18 3
170 23 9
170 103 5
170 173 5
170 230 3
170 246 2
171 29 5
171 91 1
171 138 6
171 144 9
172 18 8
172 185 1
172 208 10
172 231 4
172 243 7
173 18 7
173 38 5
173 55 3
173 116 10
173 126 8
173 186 9
173 224 5
173 248 9
174 41 6
174 105 7
175 7 8
175 165 7
175 193 3
175 216 6
176 32 1
176 88 5
176 118 1
176 140 9
177 21 1
177 68 5
177 139 2
177 155 5
177 199 9
178 1 2
178 11 10
178 53 10
178 67 1
178 108 10
178 147 1
178 148 5
178 171 7
178 179 8
178 180 9
178 182 9
179 29 9
179 36 9
179 108 10
179 131 5
179 160 9
180 39 5
180 56 1
180 79 7
180 103 3
180 144 5
180 147 2
180 176 4
180 240 9
181 19 2
182 96 4
182 253 9
183 18 8
183 50 5
183 67 3
183 89 9
183 183 9
183 200 2
183 220 8
183 222 1
184 16 4
184 82 8
184 107 5
184 176 10
184 179 7
184 189 6
185 50 10
185 199 5
185 229 6
186 30 1
186 154 9
186 207 4
186 240 6
187 28 1
187 96 10
187 158 10
188 218 5
188 250 4
189 119 3
189 149 5
189 151 5
189 234 9
189 247 4
190 72 3
190 98 3
190 160 8
190 208 1
190 249 3
190 251 2
191 108 10
191 189 4
191 234 5
192 118 9
192 187 10
192 205 6
193 17 6
193 22 7
193 27 7
193 135 2
193 170 2
194 46 8
194 78 3
194 243 6
194 248 5
195 51 3
195 118 7
195 157 4
196 210 10
197 2 10
198 38 9
198 163 4
198 209 5
198 228 7
198 238 9
199 63 9
199 106 9
200 7 7
200 75 1
200 143 4
200 212 8
201 13 2
201 15 7
201 26 4
201 48 10
201 202 6
202 59 9
202 60 7
202 104 3
202 256 5
203 15 9
203 26 4
203 59 4
203 114 3
203 151 1
203 169 8
203 180 5
203 246 8
204 21 2
204 34 6
204 212 7
204 232 10
205 27 2
205 62 3
205 83 8
205 218 10
205 245 3
205 255 6
206 55 8
206 93 3
206 175 1
207 48 5
207 86 4
207 212 7
208 54 8
208 99 6
209 39 5
209 88 8
209 131 2
209 164 7
209 171 5
209 185 2
210 4 2
210 114 8
210 193 4
210 205 5
211 145 6
211 157 1
212 72 4
212 119 9
212 122 8
212 123 2
212 171 10
213 96 9
213 130 5
213 167 7
213 219 1
213 227 9
213 237 4
214 142 8
214 143 4
214 158 5
214 201 3
214 234 9
214 256 1
215 26 2
215 85 4
215 112 7
215 126 10
215 143 8
215 148 3
215 155 4
215 191 1
215 256 7
216 87 3
216 115 7
216 119 3
216 135 10
216 138 9
216 178 6
216 202 8
216 225 6
217 7 7
217 9 7
217 30 7
217 93 3
217 257 3
218 151 7
218 206 2
218 244 7
219 257 6
220 135 7
220 136 3
220 202 10
220 239 5
221 7 3
221 11 2
221 14 9
221 46 2
221 145 3
221 182 8
221 201 4
222 40 8
222 162 8
222 194 2
223 30 2
223 35 6
223 39 6
223 112 2
223 113 4
223 118 1
223 126 1
223 154 2
224 27 10
224 92 8
224 93 8
224 199 2
225 112 2
225 221 6
226 5 5
226 83 10
226 176 3
227 11 1
227 113 2
227 120 3
227 217 6
227 221 7
228 14 6
228 17 6
228 96 10
228 97 10
228 202 3
229 75 3
229 77 7
229 81 2
229 123 7
229 199 10
229 210 10
230 60 2
230 123 1
230 227 3
231 66 5
231 146 2
231 151 4
231 154 4
232 47 1
232 78 3
232 212 7
232 241 4
232 256 10
233 20 2
233 112 6
234 108 3
234 112 4
234 162 9
234 170 5
235 14 9
235 71 7
235 231 2
236 118 6
236 149 6
236 150 1
236 237 10
237 25 1
237 229 9
237 246 4
238 29 9
238 52 8
238 94 3
238 132 2
238 199 1
238 232 5
238 255 6
239 25 4
239 187 1
240 9 9
240 79 4
240 173 5
241 11 6
241 34 9
241 123 5
241 137 9
241 170 6
241 178 7
241 238 2
242 32 5
242 55 3
242 64 3
242 90 3
242 161 4
242 206 8
242 236 1
242 245 4
243 85 8
243 147 1
243 162 4
243 251 1
244 38 9
245 223 1
245 224 3
246 32 10
246 66 1
246 121 9
246 205 8
246 224 4
246 251 1
247 28 8
247 64 9
247 77 6
247 201 3
247 250 10
248 36 2
248 72 3
248 88 5
248 104 10
248 114 5
248 141 1
248 151 2
248 163 7
248 166 6
248 210 7
248 250 4
249 49 6
249 101 2
249 184 3
250 90 6
251 52 5
251 204 3
251 218 6
251 249 5
251 257 7
252 128 7
252 206 8
252 242 8
253 61 4
253 166 1
253 214 8
253 235 4
254 7 2
254 8 5
255 25 6
255 130 1
255 166 6
256 65 1
256 190 5
256 208 5
256 241 5
257 31 8
257 93 8
257 123 3
257 157 3
257 171 6

