100 811
1 7 96
1 27 41
1 43 114
1 44 28
1 45 150
1 46 23
1 65 118
1 75 123
1 97 6
2 7 200
2 8 114
2 16 15
2 30 87
2 52 139
2 60 90
2 69 193
3 17 196
3 29 173
3 32 148
3 38 105
3 55 122
3 61 109
3 70 40
3 85 193
3 93 193
3 95 141
4 25 34
4 35 26
4 41 70
4 57 142
4 58 194
5 2 165
5 3 183
5 12 59
5 36 144
5 38 132
5 49 82
5 86 61
5 94 6
6 11 87
6 17 60
6 31 120
6 34 101
6 49 98
6 51 10
6 67 143
6 92 90
6 93 5
6 98 115
7 6 38
7 19 61
7 28 188
7 47 146
7 68 52
8 2 133
8 10 90
8 23 193
8 35 166
8 55 115
8 67 14
8 73 60
8 80 108
8 84 178
9 7 42
9 11 167
9 16 73
9 18 125
9 27 200
9 34 85
9 47 131
9 56 86
9 66 144
9 68 2
9 69 138
9 78 194
9 87 11
9 88 32
10 18 83
10 39 167
10 44 147
10 49 72
10 60 179
10 62 86
10 87 169
10 93 30
10 96 18
10 99 10
11 5 174
11 16 136
11 21 125
11 25 187
11 29 195
11 30 32
11 39 116
11 49 36
11 62 150
11 83 188
11 87 160
11 95 149
12 12 72
12 31 42
12 50 186
12 63 168
12 77 43
12 86 76
12 93 161
12 95 5
12 97 107
13 13 195
13 14 123
13 16 53
13 24 19
13 38 101
13 39 139
13 67 187
13 95 83
14 2 108
14 20 149
14 38 56
14 42 43
14 43 73
14 46 43
14 80 37
14 88 56
14 96 158
14 99 24
15 3 6
15 20 98
15 40 136
15 58 106
15 68 169
15 72 177
15 91 44
15 92 88
16 9 172
16 28 119
16 37 48
16 59 128
16 65 25
16 66 195
16 71 51
16 93 30
17 4 13
17 8 103
17 26 120
17 32 151
17 35 137
17 50 27
17 54 99
17 62 193
17 65 22
17 84 171
17 85 187
17 87 10
17 93 179
17 98 96
18 4 34
18 8 136
18 27 193
18 44 169
18 59 41
18 74 114
18 76 97
18 78 84
18 80 1
18 81 20
18 85 2
18 94 49
18 98 148
19 3 179
19 12 43
19 13 150
19 41 8
19 48 7
19 62 4
19 89 127
19 92 157
20 3 141
20 8 105
20 84 56
20 93 85
20 100 126
21 5 178
21 60 71
22 15 136
22 18 156
22 38 166
22 41 121
22 57 91
22 75 111
22 76 41
22 94 84
23 12 24
23 19 89
23 42 119
23 63 24
23 74 109
23 90 121
23 95 72
24 6 56
24 11 51
24 14 66
24 28 157
24 46 58
24 51 72
24 58 160
24 78 136
24 92 181
24 93 52
24 99 192
25 1 188
25 16 136
25 19 70
25 24 165
25 28 6
25 49 5
25 57 73
25 67 124
25 73 77
25 79 115
26 61 34
26 93 117
26 99 198
27 32 57
27 38 5
27 39 117
27 41 80
27 44 113
27 72 189
27 78 104
28 18 120
28 24 39
28 34 121
28 35 28
28 37 48
28 52 145
28 56 140
28 68 135
28 96 125
29 9 191
29 28 126
29 30 112
29 63 79
29 71 195
29 82 28
29 93 84
30 15 151
30 28 100
30 36 159
30 40 27
30 53 15
30 54 192
30 62 95
30 71 164
30 72 200
30 74 52
31 6 80
31 7 32
31 24 116
31 37 20
31 40 87
31 62 188
31 64 10
31 81 7
31 93 15
31 96 57
32 19 103
32 41 154
32 50 143
32 58 27
32 64 97
32 82 69
32 99 90
33 24 175
33 53 15
33 57 70
33 74 10
33 90 166
34 3 121
34 20 121
34 22 144
34 47 135
34 55 64
34 61 191
34 71 51
34 75 64
34 78 42
34 79 130
34 85 95
34 98 157
35 13 102
35 18 133
35 24 144
35 31 111
35 36 139
35 54 159
35 67 168
35 69 42
35 72 64
35 86 110
35 87 20
36 5 112
36 7 130
36 29 62
36 37 38
36 77 145
36 81 131
36 88 200
36 98 62
37 5 51
37 14 120
37 25 157
37 28 138
37 80 183
37 94 147
37 98 188
38 69 198
38 72 188
38 84 69
38 86 92
38 100 145
39 23 170
39 41 24
39 57 40
39 77 81
40 8 115
40 14 150
40 26 200
40 37 108
40 45 166
40 48 61
40 53 127
40 57 77
40 83 191
40 98 188
41 10 67
41 18 87
41 41 70
41 76 66
41 77 100
42 15 73
42 30 185
42 35 56
42 41 10
42 42 167
42 47 3
42 52 197
42 74 165
42 83 142
42 92 17
42 96 8
43 13 86
43 26 187
43 27 184
43 45 78
43 55 19
43 58 50
43 86 27
44 19 18
44 31 157
44 39 192
44 45 30
44 57 35
44 63 21
44 67 172
44 97 175
45 4 87
45 5 58
45 11 196
45 13 152
45 26 157
45 44 68
45 50 136
45 69 165
45 95 77
45 98 54
46 14 167
46 15 25
46 41 170
46 49 108
46 71 42
47 3 130
47 34 146
47 62 180
47 74 65
47 76 23
47 84 150
48 12 66
48 15 1
48 29 167
48 45 174
48 46 193
48 62 148
48 76 8
48 85 13
49 1 120
49 31 134
49 61 51
49 64 129
50 25 130
50 37 2
50 40 86
50 45 197
50 54 89
50 64 50
50 73 26
50 80 94
50 83 168
50 90 50
50 100 16
51 10 27
51 13 43
51 30 97
51 31 172
51 39 174
51 41 161
51 44 146
51 72 123
52 3 178
52 8 147
52 14 41
52 19 151
52 52 91
52 72 189
52 86 110
52 88 55
52 89 108
53 13 196
53 24 105
53 31 188
53 68 125
53 94 58
53 99 73
54 6 73
54 12 146
54 13 74
54 16 98
54 30 191
54 33 193
54 44 100
54 68 6
54 78 20
54 85 94
54 93 102
54 94 143
55 19 68
55 28 14
55 36 41
55 39 190
55 64 191
55 84 187
55 91 31
55 94 93
56 2 29
56 5 171
56 14 155
56 26 35
56 28 30
56 44 150
56 72 139
57 9 17
57 27 74
57 29 196
57 37 42
57 42 98
57 76 93
57 97 67
58 27 196
58 57 83
58 63 60
58 71 47
58 73 89
58 80 79
58 83 140
58 85 142
58 91 173
59 2 7
59 3 156
59 4 13
59 8 149
59 10 98
59 21 151
59 23 179
59 27 191
59 40 179
59 64 101
59 75 97
59 79 13
59 86 130
59 96 46
60 13 103
60 20 146
60 21 119
60 33 50
60 48 139
60 58 168
60 76 142
60 80 6
61 26 163
61 31 25
61 36 65
61 41 9
61 46 65
61 47 95
61 51 101
61 56 6
61 78 67
61 80 107
61 83 113
61 89 80
61 92 55
61 94 11
62 7 30
62 45 185
62 46 153
62 66 161
62 76 37
62 80 49
62 83 173
62 86 166
62 90 94
62 94 28
63 1 64
63 8 164
63 20 77
63 41 2
63 73 131
63 74 19
63 78 159
63 79 46
63 81 195
63 88 23
64 30 6
64 39 59
64 46 117
64 54 106
64 62 16
64 86 136
64 92 165
65 11 129
65 16 15
65 19 171
65 26 91
65 34 196
65 44 156
65 63 43
65 68 156
65 73 192
65 78 43
65 83 81
66 6 110
66 28 136
66 30 108
66 41 125
66 49 51
66 50 184
66 67 126
66 70 181
66 83 2
66 93 85
67 7 178
67 24 148
67 42 59
67 48 184
67 56 158
67 58 128
67 63 89
67 67 174
67 76 63
67 78 5
68 9 54
68 14 77
68 21 176
68 27 144
68 38 72
68 51 131
68 68 186
68 76 180
68 95 74
69 88 28
69 92 60
70 2 135
70 3 115
70 41 167
70 60 59
70 66 165
70 87 150
71 7 185
71 25 97
71 32 104
71 34 21
71 46 75
71 76 51
71 79 31
71 87 10
72 27 161
72 53 158
72 56 98
72 67 134
72 85 20
73 2 103
73 5 187
73 19 48
73 27 30
73 31 82
73 52 72
73 54 160
73 59 19
73 62 51
73 75 185
73 79 46
73 98 110
74 3 120
74 29 112
74 51 76
74 71 178
75 23 28
75 63 177
75 69 114
75 72 124
75 90 80
75 94 86
75 96 150
76 4 83
76 11 117
76 59 159
76 63 43
76 68 26
76 72 9
76 73 128
76 74 46
76 87 63
76 89 66
76 92 93
76 98 92
76 99 147
77 4 164
77 20 3
77 60 165
77 92 166
78 14 187
78 17 162
78 22 75
78 23 58
78 40 25
78 47 150
78 50 36
78 71 52
78 84 127
78 96 101
79 3 127
79 40 158
79 44 139
79 62 77
79 67 192
79 80 55
79 84 187
79 90 186
79 91 80
80 24 195
80 25 113
80 65 77
80 91 9
80 99 130
81 24 122
81 47 52
81 58 28
81 80 37
81 100 54
82 1 144
82 23 3
82 41 193
82 63 105
82 70 77
82 77 50
82 78 81
82 83 179
83 6 37
83 20 132
83 55 57
83 56 90
83 63 59
83 68 14
83 80 28
83 92 87
83 100 6
84 2 34
84 4 73
84 26 143
84 46 65
84 47 20
84 54 8
84 61 142
84 81 180
84 93 137
85 13 15
85 23 32
85 32 165
85 36 51
85 44 85
85 52 60
85 75 53
85 86 29
85 88 117
86 24 82
86 53 79
86 95 197
87 22 60
87 28 67
87 49 129
87 63 116
87 70 156
87 76 139
87 83 129
87 98 135
88 7 25
88 14 86
88 21 168
88 63 49
88 82 181
88 83 33
88 86 68
88 90 188
88 95 126
88 96 48
89 5 124
89 15 140
89 35 79
89 39 40
89 43 190
89 51 115
89 59 100
89 64 195
90 4 144
90 10 16
90 24 76
90 34 174
90 42 12
90 52 135
90 86 192
90 88 92
90 90 50
90 91 148
91 8 30
91 18 130
91 50 34
91 56 6
91 73 168
91 74 2
91 86 55
91 89 148
91 99 186
92 18 122
92 21 135
92 32 111
92 36 121
92 37 10
92 41 2
92 46 151
92 49 2
92 77 191
92 82 18
92 83 101
93 8 137
93 22 113
93 50 68
93 57 12
93 59 86
93 88 31
93 89 98
94 44 77
94 47 75
94 63 99
94 65 176
94 100 104
95 3 181
95 5 10
95 43 110
95 47 100
95 55 163
95 59 164
95 66 47
95 84 148
95 89 37
96 3 133
96 38 10
96 76 110
96 80 94
97 37 11
97 45 60
97 71 95
97 74 153
98 22 77
98 35 147
98 50 42
98 53 189
98 56 166
98 96 53
99 32 26
99 34 197
99 36 103
99 41 55
99 62 71
99 64 1
99 96 182
100 3 126
100 27 133
100 31 191
100 49 187
100 63 32
100 72 105

