50 307
1 29 58
1 34 173
1 47 19
2 5 108
2 19 102
2 24 99
2 40 74
2 45 40
2 48 119
2 50 105
3 2 140
3 15 120
3 18 22
3 30 59
3 34 151
3 36 58
3 46 197
4 16 60
4 35 79
4 39 68
4 45 31
4 46 8
5 11 149
5 16 123
5 18 97
5 20 199
5 26 20
5 29 23
6 5 128
6 22 150
6 25 83
6 40 137
6 47 122
7 3 101
7 17 45
7 40 176
8 16 151
8 24 70
8 26 15
8 29 22
8 40 174
8 41 106
8 48 141
9 2 195
9 5 165
9 12 44
9 15 4
9 20 113
9 26 103
9 28 35
9 29 133
9 31 85
10 11 194
10 22 81
10 24 159
10 26 42
10 31 79
11 8 130
11 32 64
11 38 158
12 1 79
12 2 99
12 7 47
12 10 153
12 15 151
12 19 43
12 25 128
13 4 102
13 5 112
13 18 94
13 25 123
13 26 86
13 33 199
13 34 15
13 36 32
13 37 115
13 41 58
13 50 188
14 3 180
14 24 112
14 26 174
14 35 112
15 2 148
15 7 167
15 9 192
15 14 106
15 33 8
15 37 22
16 24 35
16 29 24
16 32 132
16 33 66
16 42 122
16 44 178
17 3 18
17 4 24
17 7 20
17 20 97
17 25 125
17 29 83
17 34 190
17 49 199
18 9 168
18 13 140
18 24 166
18 30 152
18 45 55
18 49 175
18 50 91
19 10 34
19 13 39
19 15 64
19 22 97
19 32 186
19 38 30
20 6 88
20 20 92
20 28 189
20 35 61
21 10 78
21 13 164
21 19 192
21 21 143
21 23 37
21 30 121
21 33 160
22 9 61
22 27 92
22 48 8
23 20 185
23 27 175
23 38 197
23 48 136
23 50 94
24 2 137
24 11 53
24 15 197
24 24 143
24 28 27
24 29 87
24 36 128
24 43 65
25 2 150
25 12 24
25 23 3
25 41 131
26 2 63
26 4 46
26 8 120
26 49 123
27 12 123
27 13 83
27 20 67
27 31 18
27 33 120
27 38 139
27 43 129
27 48 132
27 50 31
28 6 137
28 11 116
28 26 157
28 33 85
28 36 3
28 43 50
28 48 173
29 2 55
29 5 47
29 9 115
29 17 34
29 24 133
29 33 42
29 39 98
29 40 35
30 1 65
30 6 52
30 37 165
30 39 79
30 43 97
30 46 84
30 49 2
31 1 172
31 12 119
31 20 20
31 22 189
31 31 190
31 32 158
31 38 117
31 47 121
31 48 140
32 9 5
32 22 188
32 45 96
33 1 90
33 2 143
33 5 146
33 20 62
33 21 197
33 40 144
34 8 129
34 12 30
34 15 28
34 23 122
34 30 80
34 32 62
34 38 139
34 47 83
34 48 27
35 4 17
35 5 180
35 21 62
35 26 170
35 41 151
35 44 180
36 3 189
36 5 91
36 7 121
36 8 99
36 19 159
36 21 193
36 30 38
36 35 164
36 44 181
37 13 86
37 17 5
37 20 123
37 23 183
37 33 18
37 34 71
37 37 126
37 41 146
38 3 53
38 12 153
38 19 68
38 24 84
38 28 167
38 44 6
38 45 166
39 1 193
39 18 174
39 23 145
39 25 54
40 14 144
40 43 47
41 2 186
41 3 84
41 13 137
41 15 58
41 22 182
41 27 48
41 34 51
41 44 172
42 7 11
42 12 183
42 50 57
43 8 15
43 36 57
43 40 191
44 4 184
44 8 127
44 10 116
44 23 130
44 29 131
44 30 20
44 34 149
44 50 14
45 5 186
45 15 106
45 22 132
45 25 130
45 44 79
45 46 28
45 48 136
45 49 22
46 10 27
46 15 121
46 19 106
46 29 163
46 33 130
46 42 39
47 8 10
47 20 180
47 25 10
47 27 172
47 32 162
47 48 18
48 2 138
48 11 18
48 12 8
48 15 122
48 24 97
48 36 75
48 37 3
49 6 27
49 23 47
49 28 151
49 30 193
49 38 32
49 48 8
50 1 76
50 6 114
50 18 86
50 32 103
50 34 49
50 36 60
50 46 129
50 47 121

