65 1182
1 6 10
1 8 3
1 10 7
1 14 10
1 16 8
1 17 4
1 18 10
1 20 10
1 26 9
1 29 9
1 40 1
1 41 6
1 43 5
1 48 1
1 53 3
1 59 8
1 62 9
1 63 10
1 64 4
2 3 1
2 13 4
2 15 4
2 17 9
2 22 8
2 23 9
2 27 3
2 30 6
2 31 5
2 38 7
2 46 6
2 54 4
2 56 8
2 60 8
2 63 1
3 1 9
3 4 5
3 5 6
3 11 8
3 15 4
3 17 6
3 18 8
3 26 5
3 27 2
3 31 4
3 35 7
3 36 6
3 40 2
3 45 7
3 50 5
3 51 5
3 52 7
3 54 8
3 58 10
3 62 7
4 2 7
4 4 9
4 5 1
4 6 5
4 7 3
4 17 7
4 21 10
4 23 9
4 24 6
4 32 9
4 35 9
4 40 6
4 43 3
4 48 6
4 49 5
4 54 9
4 56 2
5 6 3
5 8 5
5 9 3
5 12 8
5 13 3
5 15 10
5 16 9
5 22 9
5 23 5
5 28 3
5 29 5
5 30 4
5 39 3
5 42 1
5 45 3
5 52 3
5 56 1
5 58 7
6 1 5
6 2 9
6 4 6
6 6 3
6 7 6
6 13 4
6 16 3
6 17 3
6 18 8
6 21 1
6 22 7
6 24 8
6 26 2
6 30 1
6 31 2
6 38 6
6 41 9
6 45 4
6 47 5
6 50 7
6 51 4
6 54 1
6 59 2
7 3 10
7 4 7
7 5 4
7 10 2
7 20 9
7 25 8
7 28 4
7 29 5
7 35 2
7 36 4
7 38 2
7 41 7
7 46 1
7 47 7
7 48 9
7 51 3
7 55 6
7 60 1
7 62 10
7 65 4
8 3 2
8 7 2
8 15 7
8 17 9
8 27 10
8 30 3
8 38 6
8 40 9
8 41 6
8 43 6
8 45 10
8 46 8
8 53 2
8 56 5
8 64 9
9 5 2
9 8 2
9 9 3
9 10 8
9 11 5
9 13 8
9 14 1
9 20 1
9 23 9
9 26 7
9 36 2
9 37 1
9 38 3
9 41 2
9 46 2
9 47 8
9 55 6
9 56 4
9 60 4
9 61 4
9 62 5
10 3 6
10 4 9
10 6 5
10 9 4
10 15 7
10 18 4
10 19 1
10 24 10
10 27 10
10 29 1
10 31 2
10 32 3
10 38 3
10 40 1
10 41 8
10 45 3
10 46 2
10 48 10
10 49 1
10 51 8
10 55 3
10 62 3
11 2 2
11 8 7
11 11 5
11 18 9
11 22 2
11 27 10
11 29 5
11 31 7
11 36 6
11 38 2
11 40 8
11 41 1
11 44 5
11 61 6
11 62 6
11 63 7
11 64 5
11 65 8
12 3 8
12 5 8
12 9 10
12 15 2
12 17 9
12 18 9
12 19 4
12 24 10
12 31 9
12 38 4
12 40 9
12 47 3
12 51 7
12 54 3
12 56 9
12 65 3
13 4 3
13 5 10
13 12 2
13 13 7
13 20 9
13 22 9
13 25 9
13 26 8
13 27 9
13 36 5
13 37 3
13 49 7
13 54 2
13 56 7
13 63 4
13 64 9
14 6 7
14 7 5
14 10 2
14 24 5
14 31 4
14 34 6
14 41 6
14 42 4
14 47 1
14 56 6
14 57 6
14 59 9
14 65 8
15 1 7
15 2 1
15 3 1
15 5 6
15 6 4
15 13 9
15 21 6
15 24 3
15 27 7
15 28 3
15 29 3
15 30 4
15 33 5
15 34 9
15 37 5
15 38 4
15 40 4
15 44 5
15 49 10
15 50 9
15 53 6
15 55 4
15 62 4
15 63 1
16 3 1
16 6 7
16 7 2
16 18 6
16 21 4
16 24 2
16 26 6
16 29 10
16 35 3
16 38 8
16 39 8
16 43 6
16 45 6
16 46 5
16 47 10
16 52 5
16 54 8
16 55 5
16 58 8
16 63 4
17 1 5
17 4 4
17 6 7
17 16 9
17 17 8
17 19 6
17 29 9
17 33 3
17 39 1
17 42 2
17 48 6
17 49 3
17 53 10
17 56 9
17 57 1
18 1 5
18 4 10
18 5 6
18 6 7
18 7 4
18 8 3
18 14 4
18 19 10
18 21 10
18 26 10
18 33 1
18 36 4
18 44 7
18 45 5
18 46 3
18 54 1
18 55 10
18 59 6
18 60 9
18 62 10
19 3 5
19 4 7
19 5 8
19 19 10
19 30 7
19 35 1
19 42 5
19 50 2
19 51 2
19 57 5
19 60 2
20 1 8
20 2 6
20 8 7
20 9 4
20 12 10
20 19 1
20 22 9
20 27 1
20 33 2
20 35 9
20 36 1
20 38 6
20 39 7
20 44 8
20 50 10
20 51 7
20 52 7
20 53 8
20 54 8
20 58 8
20 63 2
20 65 4
21 6 5
21 7 3
21 9 2
21 10 7
21 11 9
21 12 3
21 18 10
21 20 3
21 21 4
21 22 7
21 23 9
21 25 2
21 27 1
21 29 10
21 30 4
21 31 1
21 32 10
21 33 6
21 37 9
21 40 2
21 51 3
21 57 6
21 59 9
21 60 4
22 7 4
22 12 7
22 24 1
22 26 1
22 30 4
22 34 5
22 35 6
22 42 8
22 45 7
22 51 8
22 55 6
22 60 6
23 3 2
23 4 5
23 8 10
23 9 8
23 11 4
23 15 10
23 16 9
23 17 6
23 18 9
23 21 5
23 22 6
23 24 10
23 26 10
23 28 7
23 29 2
23 33 4
23 35 2
23 38 10
23 43 7
23 50 7
24 1 7
24 2 10
24 4 10
24 6 10
24 10 4
24 11 5
24 13 10
24 15 2
24 23 4
24 24 7
24 25 9
24 26 6
24 31 4
24 35 1
24 36 3
24 39 7
24 43 10
24 46 3
24 49 4
24 50 1
24 54 7
24 62 1
24 63 2
24 64 8
25 3 7
25 10 3
25 20 3
25 24 10
25 28 5
25 32 10
25 35 9
25 36 1
25 39 9
25 43 8
25 45 2
25 48 4
25 49 4
25 50 3
26 3 5
26 4 8
26 7 10
26 9 4
26 13 3
26 14 3
26 18 4
26 21 7
26 27 1
26 30 5
26 34 9
26 37 4
26 41 7
26 43 6
26 47 4
26 50 9
26 54 5
26 62 3
27 5 1
27 6 8
27 7 2
27 11 5
27 16 9
27 20 2
27 21 7
27 24 7
27 27 9
27 33 1
27 35 2
27 36 3
27 37 3
27 39 8
27 45 10
27 47 2
27 48 1
27 52 4
27 56 4
27 58 6
28 9 10
28 11 6
28 22 3
28 25 8
28 29 9
28 31 1
28 35 5
28 41 5
28 47 9
28 49 2
28 50 9
28 52 2
28 54 9
28 63 2
29 4 8
29 6 7
29 10 4
29 12 7
29 18 5
29 19 2
29 23 7
29 26 8
29 37 6
29 42 9
29 49 5
29 50 5
29 54 1
29 55 8
29 60 10
29 62 6
30 1 5
30 5 1
30 8 2
30 9 7
30 14 9
30 21 2
30 23 8
30 26 5
30 27 8
30 29 8
30 30 8
30 33 6
30 35 1
30 36 8
30 39 8
30 41 9
30 47 4
30 52 3
30 56 5
30 58 10
30 59 4
30 60 1
30 64 7
31 7 10
31 11 9
31 13 2
31 22 6
31 26 1
31 27 1
31 28 8
31 29 7
31 32 5
31 36 8
31 39 10
31 41 2
31 52 8
31 54 3
31 57 1
31 61 5
31 63 1
31 65 10
32 1 2
32 6 8
32 8 1
32 12 10
32 15 7
32 17 1
32 20 5
32 23 9
32 25 5
32 36 7
32 38 5
32 40 7
32 42 3
32 43 6
32 54 7
32 55 6
32 58 3
32 59 8
32 60 6
33 6 10
33 12 6
33 24 3
33 25 8
33 29 7
33 32 4
33 33 7
33 34 1
33 37 6
33 38 1
33 39 3
33 43 7
33 44 3
33 46 1
33 48 9
33 55 2
33 58 9
33 63 9
34 3 8
34 5 10
34 7 5
34 12 4
34 13 4
34 17 1
34 19 9
34 32 1
34 35 10
34 38 4
34 41 3
34 45 9
34 49 2
34 51 5
34 52 6
34 54 4
34 55 4
34 56 2
34 61 9
35 11 10
35 21 2
35 23 6
35 30 1
35 33 5
35 35 4
35 43 5
35 48 7
35 50 3
35 53 6
35 55 5
35 56 1
35 58 5
35 60 6
35 63 8
36 4 9
36 11 1
36 15 8
36 20 7
36 23 1
36 25 9
36 29 2
36 32 6
36 35 7
36 36 3
36 48 2
36 49 2
36 52 8
36 57 5
36 61 5
36 62 8
36 63 6
37 1 7
37 5 3
37 7 6
37 8 3
37 15 7
37 17 10
37 19 9
37 23 1
37 25 7
37 29 5
37 30 3
37 32 2
37 33 1
37 36 10
37 41 2
37 42 3
37 44 10
37 45 8
37 48 4
37 49 8
37 57 1
37 60 1
37 63 5
37 64 4
37 65 2
38 2 8
38 5 3
38 7 8
38 8 3
38 13 1
38 17 3
38 29 9
38 34 5
38 36 1
38 37 3
38 39 3
38 40 2
38 42 1
38 48 3
38 50 9
38 54 7
38 58 6
38 59 2
38 65 9
39 5 5
39 6 5
39 7 2
39 11 6
39 19 4
39 23 7
39 24 4
39 34 4
39 39 9
39 42 8
39 43 9
39 53 2
39 57 7
40 1 2
40 2 9
40 3 9
40 6 4
40 12 3
40 16 7
40 26 8
40 27 3
40 28 9
40 33 3
40 37 5
40 38 1
40 39 5
40 42 5
40 43 8
40 48 2
40 56 8
40 61 8
40 63 9
41 1 4
41 13 9
41 23 4
41 24 7
41 27 7
41 28 9
41 32 10
41 34 5
41 43 8
41 44 9
41 45 6
41 51 5
41 54 10
41 59 4
41 65 3
42 2 5
42 9 9
42 14 10
42 16 2
42 20 1
42 33 10
42 37 4
42 38 7
42 41 3
42 42 1
42 43 3
42 44 10
42 47 4
42 48 2
42 49 9
42 53 4
42 57 5
42 58 8
42 64 8
43 1 1
43 7 4
43 8 8
43 9 1
43 13 1
43 15 6
43 19 1
43 21 6
43 22 10
43 30 2
43 31 2
43 33 2
43 36 6
43 38 10
43 40 3
43 43 7
43 48 2
43 49 3
43 51 3
43 53 1
43 58 5
43 62 5
44 4 3
44 7 6
44 8 10
44 19 7
44 20 6
44 21 4
44 24 1
44 26 3
44 29 3
44 31 4
44 38 9
44 39 10
44 45 6
44 49 9
44 50 5
44 55 6
44 58 4
44 64 4
44 65 7
45 5 7
45 6 6
45 8 4
45 13 6
45 14 10
45 22 10
45 24 8
45 29 4
45 38 4
45 39 8
45 43 8
45 44 10
45 46 2
45 48 5
45 49 10
45 54 10
45 56 1
45 60 3
45 62 1
46 4 5
46 10 5
46 11 6
46 15 5
46 20 4
46 21 3
46 30 5
46 32 9
46 34 10
46 35 1
46 36 4
46 39 8
46 50 7
46 62 1
46 65 1
47 4 3
47 8 1
47 12 2
47 13 2
47 22 4
47 28 6
47 31 1
47 37 4
47 38 7
47 41 4
47 42 10
47 45 6
47 51 4
47 52 2
47 54 10
48 2 6
48 6 7
48 10 4
48 28 1
48 31 3
48 38 10
48 41 3
48 46 8
48 47 10
48 53 4
48 56 8
48 58 3
48 62 1
49 10 4
49 11 6
49 12 1
49 13 8
49 26 6
49 27 2
49 28 9
49 33 1
49 37 9
49 38 9
49 43 6
49 46 6
49 48 3
49 49 6
49 65 3
50 1 6
50 3 7
50 10 3
50 11 3
50 13 5
50 17 6
50 19 3
50 25 8
50 27 7
50 28 7
50 33 5
50 36 6
50 37 10
50 43 4
50 44 1
50 46 10
50 51 7
50 58 6
50 62 2
51 1 5
51 2 3
51 4 3
51 5 5
51 7 3
51 8 4
51 9 4
51 12 9
51 26 9
51 27 8
51 29 6
51 34 1
51 36 5
51 38 2
51 41 3
51 42 7
51 43 9
51 45 1
51 46 1
51 48 8
51 50 7
51 54 9
51 59 4
51 61 5
52 4 10
52 8 7
52 9 5
52 14 1
52 15 5
52 18 2
52 20 2
52 25 9
52 32 4
52 36 6
52 39 6
52 41 8
52 45 9
52 48 9
52 53 8
52 56 9
52 57 8
53 4 3
53 12 10
53 13 4
53 27 7
53 28 4
53 34 2
53 37 7
53 38 6
53 42 2
53 48 4
53 49 5
53 52 2
53 54 7
53 55 9
53 64 3
54 4 3
54 7 5
54 14 3
54 19 7
54 25 6
54 34 6
54 39 8
54 42 1
54 43 1
54 60 3
54 65 8
55 7 2
55 11 3
55 13 8
55 15 10
55 17 10
55 24 10
55 26 1
55 28 5
55 31 8
55 33 7
55 34 6
55 38 4
55 39 4
55 41 9
55 43 7
55 51 8
55 53 10
55 54 5
55 55 8
55 65 2
56 5 7
56 9 2
56 10 6
56 22 6
56 23 9
56 24 1
56 26 3
56 31 9
56 34 3
56 39 7
56 41 9
56 51 6
56 52 9
56 53 6
56 54 8
56 55 10
56 56 7
56 58 8
56 60 4
56 65 5
57 1 6
57 2 9
57 13 10
57 14 10
57 17 9
57 20 9
57 25 9
57 26 8
57 27 3
57 31 7
57 43 1
57 47 2
57 48 8
57 49 6
57 55 7
57 64 9
57 65 8
58 2 1
58 4 7
58 8 10
58 11 7
58 18 5
58 21 8
58 26 7
58 27 10
58 29 5
58 32 6
58 36 7
58 41 4
58 45 1
58 51 3
58 52 10
58 55 1
58 60 4
58 64 1
58 65 9
59 4 2
59 7 9
59 13 8
59 20 7
59 23 5
59 32 8
59 38 8
59 40 5
59 42 5
59 44 6
59 45 3
59 46 2
59 49 6
59 54 9
59 58 3
59 60 4
60 1 6
60 3 10
60 7 10
60 10 5
60 15 4
60 17 7
60 18 3
60 22 8
60 28 7
60 32 5
60 39 9
60 41 9
60 45 9
60 48 9
60 51 7
60 52 2
60 58 7
60 59 4
60 60 10
61 1 4
61 3 3
61 5 7
61 7 8
61 12 7
61 13 4
61 14 2
61 17 10
61 19 9
61 20 2
61 24 2
61 28 2
61 38 7
61 42 4
61 49 3
61 50 2
61 59 9
62 1 9
62 4 6
62 7 8
62 8 5
62 10 1
62 14 6
62 15 3
62 17 1
62 20 6
62 22 1
62 25 4
62 26 3
62 39 6
62 40 4
62 41 8
62 42 8
62 52 2
62 53 7
62 57 6
62 64 6
63 3 8
63 4 5
63 6 4
63 11 9
63 14 7
63 21 8
63 23 8
63 24 2
63 26 10
63 29 1
63 30 10
63 31 1
63 32 6
63 35 8
63 36 7
63 45 8
63 46 3
63 53 2
63 54 10
63 61 9
63 62 2
63 65 4
64 1 3
64 11 10
64 12 9
64 14 2
64 15 7
64 17 10
64 21 8
64 22 5
64 30 5
64 33 5
64 35 9
64 39 1
64 41 5
64 42 7
64 43 10
64 45 2
64 47 8
64 54 1
64 55 4
64 58 10
64 60 1
65 5 10
65 12 7
65 13 8
65 14 9
65 17 1
65 19 9
65 21 9
65 22 1
65 25 2
65 26 4
65 32 5
65 37 1
65 41 2
65 43 6
65 45 10
65 47 3
65 49 3
65 52 4
65 53 10
65 62 9
65 64 4

